1 0.00124545 1
2 0.00378774 1
3 0.0052301 1
4 0.00505725 1
5 0.00339575 1
6 0.00338244 1
7 0.0024377 1
8 0.0028113 1
9 0.00317791 1
10 0.00189927 1
11 -0.00096404 1
12 -0.00097277 1
13 -0.000969535 1
14 -0.000969535 1
15 -0.000969535 1
16 -0.000969535 1
17 -0.000969535 1
18 -0.000912644 1
19 -0.00297406 1
20 -0.00549949 1
21 -1.00872 1
22 1.5653 1
23 -1.00021 1
24 -0.291902 1
25 -0.964937 1
26 -0.291949 1
27 -0.983477 1
28 -0.79315 1
29 -0.00548048 1
30 -0.292772 1
31 -0.967217 1
32 -0.293151 1
33 -0.959266 1
34 -0.293623 1
35 -0.951435 1
36 -0.792258 1
37 -0.00552627 1
38 -0.293759 1
39 -0.936158 1
40 -0.399641 1
41 -0.917685 1
42 -1.13664 1
43 -0.92116 1
44 -1.43535 1
45 -0.00572397 1
46 -1.12624 1
47 -0.906704 1
48 -1.12167 1
49 -0.876854 1
50 -1.11742 1
51 -0.892103 1
52 -1.42802 1
53 -0.00616253 1
54 -1.11071 1
55 -0.878315 1
56 -1.10794 1
57 -0.836507 1
58 -1.10426 1
59 -0.86399 1
60 -1.42196 1
61 -0.00687582 1
62 -1.09543 1
63 -0.851003 1
64 -1.09077 1
65 -0.796947 1
66 -0.399559 1
67 -0.399524 1
68 -0.945521 1
69 -0.00639476 1
70 -0.399524 1
71 -0.400173 1
72 -0.39983 1
73 -0.359277 1
74 -0.399526 1
75 -0.399524 1
76 -0.942281 1
77 -0.00693936 1
78 -0.399524 1
79 -0.400362 1
80 -0.399822 1
81 -0.351051 1
82 -0.399497 1
83 -0.399524 1
84 -0.937031 1
85 -0.0076186 1
86 -0.385094 1
87 -0.400541 1
88 -0.399797 1
89 -0.937435 1
90 -0.290953 1
91 -0.399524 1
92 -0.935565 1
93 -0.00841968 1
94 -0.397603 1
95 -0.399582 1
96 -0.39976 1
97 -0.321418 1
98 -0.399455 1
99 -0.398952 1
100 -1.37924 1
101 -0.00819978 1
102 -0.399527 1
103 -0.400471 1
104 -0.398887 1
105 -0.32296 1
106 -0.39864 1
107 -0.399523 1
108 -0.907952 1
109 -0.0103207 1
110 -0.398307 1
111 -0.999813 1
112 -0.290934 1
113 -0.317797 1
114 -0.398716 1
115 -0.398463 1
116 -0.917857 1
117 -0.0113611 1
118 -0.399523 1
119 -0.385709 1
120 -0.399586 1
121 -0.307867 1
122 -0.399419 1
123 -0.399523 1
124 -0.922292 1
125 -0.0124466 1
126 -0.399523 1
127 -0.400976 1
128 -0.39952 1
129 -0.30088 1
130 -0.397949 1
131 -0.399523 1
132 -0.898781 1
133 -0.0135209 1
134 -0.399522 1
135 -1.01839 1
136 -0.290937 1
137 -0.292353 1
138 -0.399298 1
139 -0.399048 1
140 -0.912761 1
141 -0.0145362 1
142 -0.399522 1
143 -0.385642 1
144 -0.399389 1
145 -0.283357 1
146 -1.00707 1
147 -0.290942 1
148 -0.911901 1
149 -0.0155384 1
150 -0.398699 1
151 -0.396976 1
152 -0.398535 1
153 -0.275175 1
154 -0.384206 1
155 -0.399522 1
156 -0.9067 1
157 -0.0458711 1
158 -0.290837 1
159 -0.400681 1
160 -0.398572 1
161 -0.265778 1
162 -0.393734 1
163 -0.399017 1
164 -0.904803 1
165 -0.0167329 1
166 -0.399522 1
167 -0.398659 1
168 -0.988647 1
169 -0.185322 1
170 -0.399471 1
171 -0.398396 1
172 -0.899551 1
173 -0.0176326 1
174 -0.399277 1
175 -0.400336 1
176 -0.383996 1
177 -0.249101 1
178 -0.397004 1
179 -0.980281 1
180 -0.723383 1
181 -0.0184232 1
182 -0.397948 1
183 -0.398899 1
184 -0.389775 1
185 -0.240323 1
186 -0.399525 1
187 -0.38429 1
188 -0.893886 1
189 -0.0186911 1
190 -0.97188 1
191 -0.290373 1
192 -0.399224 1
193 -0.23028 1
194 -0.398347 1
195 -0.388242 1
196 -0.890432 1
197 -0.019059 1
198 -0.38429 1
199 -0.399776 1
200 -0.3955 1
201 -0.652493 1
202 -0.289676 1
203 -0.399522 1
204 -0.88303 1
205 -0.0191475 1
206 -0.386421 1
207 -0.399982 1
208 -0.399317 1
209 -0.205152 1
210 -0.399639 1
211 -0.395131 1
212 -0.88265 1
213 -0.0192303 1
214 -0.399522 1
215 -0.399525 1
216 -0.399405 1
217 -0.204899 1
218 -0.399685 1
219 -0.399522 1
220 -1.56851 1
221 -0.643636 1
222 -0.399522 1
223 -0.399487 1
224 -0.399522 1
225 -0.195957 1
226 -1.00747 1
227 -0.998003 1
228 -0.989009 1
229 -0.980281 1
230 -1.35031 1
231 -0.00245286 1
232 -0.956206 1
233 -0.948935 1
234 -0.941987 1
235 -0.93529 1
236 -0.952784 1
237 -0.922281 1
238 -1.32256 1
239 -0.00294015 1
240 -0.399777 1
241 -0.39993 1
242 -0.403056 1
243 -0.396727 1
244 -0.30151 1
245 -0.290837 1
246 -0.724924 1
247 -0.00506543 1
248 -0.290046 1
249 -0.290751 1
250 -0.293781 1
251 -0.284342 1
252 -0.295441 1
253 -0.287355 1
254 -0.716379 1
255 -0.00547612 1
256 -0.285478 1
257 -0.28718 1
258 -1.48707 1
259 -0.391118 1
260 -0.40579 1
261 -0.399522 1
262 -0.874681 1
263 -0.00648645 1
264 -0.38429 1
265 -0.40444 1
266 -0.392934 1
267 -0.388303 1
268 -0.387237 1
269 -0.399522 1
270 -0.873518 1
271 -0.00796014 1
272 -0.38429 1
273 -0.406451 1
274 -0.39327 1
275 -0.385482 1
276 -0.399708 1
277 -0.399522 1
278 -0.893908 1
279 -0.00986709 1
280 -1.554 1
281 -0.297767 1
282 -1.5112 1
283 -1.0595 1
284 -1.46462 1
285 -0.390589 1
286 -1.52353 1
287 -0.0102115 1
288 -1.37839 1
289 -1.07375 1
290 -1.34125 1
291 -0.368812 1
292 -1.29102 1
293 -0.290927 1
294 -1.46346 1
295 -0.0427308 1
296 -1.21424 1
297 -0.397278 1
298 -1.16679 1
299 -0.273893 1
300 -1.115 1
301 -1.01704 1
302 -1.39683 1
303 -0.0171161 1
304 -0.399522 1
305 -0.301748 1
306 -0.405465 1
307 -0.95645 1
308 -0.391978 1
309 -0.399522 1
310 -0.89102 1
311 -0.0206186 1
312 -0.399522 1
313 -0.3024 1
314 -0.294105 1
315 -1.0546 1
316 -0.284716 1
317 -0.392199 1
318 -0.71763 1
319 -0.0183307 1
320 -0.291102 1
321 -1.08017 1
322 -0.292598 1
323 -0.358693 1
324 -0.284209 1
325 -0.290919 1
326 -0.717045 1
327 -0.0922512 1
328 -0.290996 1
329 -0.401424 1
330 -0.290963 1
331 -0.265276 1
332 -0.276157 1
333 -1.02511 1
334 -0.701243 1
335 -0.0288565 1
336 -0.28265 1
337 -0.302979 1
338 -0.399399 1
339 -0.949012 1
340 -0.357098 1
341 -0.38429 1
342 -0.889277 1
343 -0.0329656 1
344 -0.399522 1
345 -0.414505 1
346 -0.395588 1
347 -1.04764 1
348 -0.391107 1
349 -0.394317 1
350 -0.888736 1
351 -0.026986 1
352 -0.399522 1
353 -1.08711 1
354 -0.393832 1
355 -0.347562 1
356 -0.392067 1
357 -0.290921 1
358 -0.88808 1
359 -0.14337 1
360 -0.399522 1
361 -0.399195 1
362 -0.392328 1
363 -0.256574 1
364 -0.39341 1
365 -1.02602 1
366 -0.887287 1
367 -0.0399264 1
368 -0.399522 1
369 -0.29928 1
370 -0.39116 1
371 -0.941159 1
372 -0.394971 1
373 -0.38429 1
374 -0.886185 1
375 -0.0324774 1
376 -0.399522 1
377 -0.408445 1
378 -0.390413 1
379 -0.348241 1
380 -0.397237 1
381 -0.399522 1
382 -0.885277 1
383 -0.045595 1
384 -0.399522 1
385 -0.406424 1
386 -0.390175 1
387 -0.345333 1
388 -0.399717 1
389 -0.399522 1
390 -0.0054786 1
391 -nan 1
392 -0.399634 1
393 -0.40441 1
394 -0.390528 1
395 -0.34242 1
396 -0.402573 1
397 -0.399522 1
398 -0.882823 1
399 -0.0480617 1
400 -0.399522 1
401 -0.402542 1
402 -0.386608 1
403 -0.334439 1
404 -0.411013 1
405 -0.399522 1
406 -0.873498 1
407 -0.0477288 1
408 -0.399522 1
409 -0.400978 1
410 -0.393347 1
411 -0.336575 1
412 -0.409399 1
413 -0.399522 1
414 -0.880167 1
415 -0.0488706 1
416 -0.399522 1
417 -0.399895 1
418 -0.395975 1
419 -0.333643 1
420 -0.413363 1
421 -0.399522 1
422 -0.878819 1
423 -0.0489141 1
424 -0.399522 1
425 -0.399487 1
426 -0.399522 1
427 -0.330706 1
428 -0.417947 1
429 -0.399522 1
430 -0.399522 1
431 -0.399522 1
432 -0.96132 1
433 -0.0054786 1
434 -0.399522 1
435 -0.399522 1
436 -0.399522 1
437 -0.399522 1
438 -0.399509 1
439 -0.399522 1
440 -0.0054786 1
441 -0.00547773 1
442 -0.399292 1
443 -0.39952 1
444 -0.399515 1
445 -0.391599 1
446 -0.399512 1
447 -0.399522 1
448 -0.9551 1
449 -0.00547368 1
450 -0.399522 1
451 -0.399514 1
452 -0.399509 1
453 -0.383623 1
454 -0.399515 1
455 -0.399522 1
456 -0.951948 1
457 -0.00546392 1
458 -0.399522 1
459 -0.280087 1
460 -0.399506 1
461 -0.375597 1
462 -0.377486 1
463 -0.399522 1
464 -0.948769 1
465 -0.00544669 1
466 -0.399522 1
467 -0.399493 1
468 -0.399504 1
469 -0.367522 1
470 -0.00547942 1
471 -nan 1
472 -0.934833 1
473 -0.00542172 1
474 -0.399523 1
475 -0.399482 1
476 -0.399503 1
477 -0.359396 1
478 -0.399522 1
479 -0.399523 1
480 -0.93455 1
481 -0.0053869 1
482 -0.399523 1
483 -0.399469 1
484 -0.399503 1
485 -0.351221 1
486 -0.399524 1
487 -0.291009 1
488 -0.939062 1
489 -0.00538316 1
490 -0.399523 1
491 -0.291086 1
492 -1.0431 1
493 -0.248613 1
494 -1.02494 1
495 -0.291552 1
496 -1.38068 1
497 -0.00534582 1
498 -0.990796 1
499 -0.292243 1
500 -0.975012 1
501 -0.243692 1
502 -0.959941 1
503 -0.293341 1
504 -1.35205 1
505 -0.00530207 1
506 -0.930376 1
507 -0.294504 1
508 -0.915425 1
509 -0.239467 1
510 -0.900433 1
511 -0.295875 1
512 -1.32214 1
513 -0.00525266 1
514 -0.870925 1
515 -0.297053 1
516 -0.399512 1
517 -0.23516 1
518 -0.290916 1
519 -0.298203 1
520 -0.753149 1
521 -0.00519922 1
522 -0.290894 1
523 -0.298913 1
524 -0.290881 1
525 -0.230018 1
526 -0.290884 1
527 -0.299433 1
528 -0.749571 1
529 -0.00514321 1
530 -0.290869 1
531 -0.299493 1
532 -0.290862 1
533 -0.223851 1
534 -0.290865 1
535 -0.399522 1
536 -0.918854 1
537 -0.004942 1
538 -0.399522 1
539 -0.399418 1
540 -0.399523 1
541 -0.29268 1
542 -0.399528 1
543 -0.399522 1
544 -0.894124 1
545 -0.00489217 1
546 -0.38429 1
547 -0.384189 1
548 -0.384293 1
549 -0.272809 1
550 -0.384295 1
551 -0.38429 1
552 -0.890584 1
553 -0.00482117 1
554 -0.38429 1
555 -0.384193 1
556 -0.384297 1
557 -0.264542 1
558 -0.384295 1
559 -0.384291 1
560 -0.887015 1
561 -0.00475512 1
562 -0.384291 1
563 -0.3842 1
564 -0.384301 1
565 -0.25624 1
566 -0.384296 1
567 -0.399524 1
568 -0.904768 1
569 -0.00465671 1
570 -1.07824 1
571 -0.290929 1
572 -1.05848 1
573 -0.185838 1
574 -1.03981 1
575 -0.290892 1
576 -1.37337 1
577 -0.00485686 1
578 -1.00712 1
579 -0.290537 1
580 -0.992617 1
581 -0.179126 1
582 -0.97835 1
583 -0.29008 1
584 -1.34479 1
585 -0.00482153 1
586 -0.948132 1
587 -0.289318 1
588 -0.93198 1
589 -0.171937 1
590 -0.915605 1
591 -0.288538 1
592 -1.31122 1
593 -0.00479292 1
594 -0.399524 1
595 -0.287622 1
596 -0.290893 1
597 -0.16461 1
598 -0.290598 1
599 -0.286844 1
600 -0.715167 1
601 -0.00476935 1
602 -0.289082 1
603 -0.286115 1
604 -0.287956 1
605 -0.157547 1
606 -0.2867 1
607 -0.285655 1
608 -0.703067 1
609 -0.00474855 1
610 -0.284364 1
611 -0.285343 1
612 -0.283497 1
613 -0.150965 1
614 -0.282913 1
615 -0.28528 1
616 -0.694063 1
617 -0.004729 1
618 -0.399524 1
619 -0.399487 1
620 -0.39953 1
621 -0.205504 1
622 -0.399515 1
623 -0.399524 1
624 -0.878855 1
625 -0.00436662 1
626 -0.386425 1
627 -0.385378 1
628 -0.384473 1
629 -0.188615 1
630 -0.38428 1
631 -0.384291 1
632 -0.384291 1
633 -0.384291 1
634 -0.384291 1
635 -0.384293 1
636 -0.392975 1
637 -0.371565 1
638 -0.453877 1
639 -0.0268296 1
640 -0.353849 1
641 -nan 1
642 -0.384293 1
643 -0.384293 1
644 -0.384293 1
645 -0.399526 1
646 -0.433719 1
647 -0.457547 1
648 -0.399526 1
649 -0.399526 1
650 -0.399526 1
651 -0.404846 1
652 -0.388633 1
653 -0.39583 1
654 -0.397311 1
655 -0.00548165 1
656 -0.399525 1
657 -0.399525 1
658 -0.399525 1
659 -0.399525 1
660 -0.00548165 1
661 -0.399525 1
662 -0.399525 1
663 0.0544496 1
664 -0.399525 1
665 -0.399525 1
666 1.56531 1
667 -0.399525 1
668 -0.399525 1
669 0.0544496 1
670 -0.399525 1
671 -0.399525 1
672 1.56531 1
673 -0.399525 1
674 -0.00548165 1
675 -nan 1
676 -0.384293 1
677 -0.399525 1
678 1.56531 1
679 -0.399525 1
680 -0.399525 1
681 0.0544496 1
682 -0.399525 1
683 -0.399525 1
684 -0.360902 1
685 -0.399525 1
686 -0.00548165 1
687 -0.399525 1
688 -0.384293 1
689 -0.399525 1
690 -0.384293 1
691 -0.384293 1
692 -0.360902 1
693 -0.360902 1
694 -0.360902 1
695 -0.360902 1
696 -0.360902 1
697 -0.360902 1
698 -0.360902 1
699 -0.360902 1
700 -0.00548165 1
701 -0.360902 1
702 -0.360902 1
703 -0.360875 1
704 -0.360902 1
705 -0.360902 1
706 -0.360897 1
707 -0.360897 1
708 -0.360897 1
709 -0.360897 1
710 -0.360897 1
711 -0.360897 1
712 -0.00547734 1
713 -0.360897 1
714 -0.360897 1
715 -0.2701 1
716 -0.399521 1
717 -0.399521 1
718 -0.860685 1
719 -0.858455 1
720 -0.856225 1
721 -0.854003 1
722 -0.851797 1
723 -0.849615 1
724 -0.84746 1
725 -0.845333 1
726 -0.843228 1
727 -0.841138 1
728 -0.839052 1
729 -0.836955 1
730 -0.834836 1
731 -0.832681 1
732 -0.830482 1
733 -0.828233 1
734 -0.825933 1
735 -0.823585 1
736 -0.821196 1
737 -0.818775 1
738 -0.816328 1
739 -0.813865 1
740 -0.811387 1
741 -0.399521 1
742 -1.0072 1
743 -0.998002 1
744 -0.399521 1
745 -0.862908 1
746 -0.399521 1
747 -0.860685 1
748 1.56532 1
749 -0.836777 1
750 1.56532 1
751 -0.834536 1
752 -0.384288 1
753 -0.832304 1
754 -0.384288 1
755 -0.830088 1
756 -0.384288 1
757 -0.827897 1
758 -0.384288 1
759 -0.825733 1
760 -0.384288 1
761 -0.823597 1
762 -0.384288 1
763 -0.821485 1
764 -0.384288 1
765 -0.819388 1
766 -0.384288 1
767 -0.817294 1
768 1.56532 1
769 -0.815191 1
770 -0.384288 1
771 -0.834836 1
772 1.56532 1
773 -0.832681 1
774 -0.291174 1
775 -0.658516 1
776 1.56532 1
777 -0.657073 1
778 -0.292009 1
779 -0.825933 1
780 -0.399521 1
781 -0.823585 1
782 -0.399521 1
783 -0.821196 1
784 -0.399521 1
785 -0.818775 1
786 -0.00547734 1
787 -0.816328 1
788 -0.286374 1
789 -0.779726 1
790 -0.390965 1
791 -0.811387 1
792 -0.399521 1
793 -0.399521 1
794 -1.00888 1
795 -1.00045 1
796 -0.992105 1
797 -0.983856 1
798 -0.975698 1
799 -0.96763 1
800 -0.959651 1
801 -0.951762 1
802 -0.943962 1
803 -0.93625 1
804 -0.928625 1
805 -0.921087 1
806 -0.913636 1
807 -0.90627 1
808 -0.898989 1
809 -0.891793 1
810 -1.30632 1
811 -1.30211 1
812 -1.2979 1
813 -1.29369 1
814 -1.28948 1
815 -1.28528 1
816 -0.893654 1
817 -0.892767 1
818 -0.891893 1
819 -0.89103 1
820 -0.89017 1
821 -0.726476 1
822 -0.88844 1
823 -0.887558 1
824 -0.886658 1
825 -0.885738 1
826 -1.35956 1
827 -1.35487 1
828 -1.3502 1
829 -1.3456 1
830 -1.3411 1
831 -1.33672 1
832 -1.33248 1
833 -0.948933 1
834 -0.941986 1
835 -0.935289 1
836 -0.928753 1
837 -0.92228 1
838 -0.915776 1
839 -0.909163 1
840 -1.3459 1
841 -0.00547734 1
842 -0.888244 1
843 -0.880921 1
844 -0.873494 1
845 -0.866027 1
846 -0.858246 1
847 -0.851196 1
848 -1.31646 1
849 -0.00546175 1
850 -0.395581 1
851 -0.394428 1
852 -0.39939 1
853 -0.39157 1
854 -0.399339 1
855 -0.398257 1
856 -0.950484 1
857 -0.00538847 1
858 -0.399521 1
859 -0.399364 1
860 -0.396154 1
861 -0.38813 1
862 -0.402447 1
863 -0.404839 1
864 -0.958779 1
865 -0.00520047 1
866 -0.39969 1
867 -0.399199 1
868 -0.399227 1
869 -0.375513 1
870 -0.401379 1
871 -0.291001 1
872 -0.953117 1
873 -0.00507345 1
874 -0.401471 1
875 -0.290639 1
876 -0.399203 1
877 -0.266742 1
878 -0.399481 1
879 -0.291159 1
880 -0.928111 1
881 -0.00474935 1
882 -0.399521 1
883 -0.290834 1
884 -0.399176 1
885 -0.261024 1
886 -1.04217 1
887 -0.291723 1
888 -1.38973 1
889 -0.00431321 1
890 -1.00526 1
891 -0.291398 1
892 -0.988362 1
893 -0.255554 1
894 -0.97387 1
895 -0.292544 1
896 -1.36156 1
897 -0.00376461 1
898 -0.946203 1
899 -0.292065 1
900 -0.931691 1
901 -0.250037 1
902 -0.917344 1
903 -0.293283 1
904 -1.33336 1
905 -0.00311416 1
906 -0.886199 1
907 -0.292501 1
908 -0.399255 1
909 -0.244204 1
910 -1.06096 1
911 -0.293654 1
912 -1.39437 1
913 -0.00237877 1
914 -1.02602 1
915 -0.292555 1
916 -1.00852 1
917 -0.238014 1
918 -0.99219 1
919 -0.399522 1
920 -0.929064 1
921 -7.13567e-06 1
922 -0.399522 1
923 -0.397927 1
924 -0.399374 1
925 -0.317753 1
926 -0.00547822 1
927 -nan 1
928 -0.925636 1
929 -0.000361256 1
930 -0.399522 1
931 -0.397857 1
932 -0.399445 1
933 -0.309312 1
934 -0.399638 1
935 -0.399522 1
936 -0.922302 1
937 0.00240934 1
938 -0.399522 1
939 -0.397831 1
940 -0.399518 1
941 -0.300827 1
942 -0.399641 1
943 -nan 1
944 -0.918877 1
945 0.00363658 1
946 -0.399522 1
947 -0.397852 1
948 -0.399592 1
949 -0.292297 1
950 -0.399638 1
951 -0.399522 1
952 -0.91542 1
953 0.00483209 1
954 -0.399522 1
955 -0.397919 1
956 -0.399663 1
957 -0.283724 1
958 -0.399631 1
959 -0.399214 1
960 -0.908995 1
961 0.00300463 1
962 -0.395229 1
963 -0.397927 1
964 -0.402255 1
965 -0.27471 1
966 -0.404437 1
967 -0.399522 1
968 -0.908402 1
969 0.00700281 1
970 -0.399522 1
971 -0.398174 1
972 -0.399783 1
973 -0.266453 1
974 -0.399601 1
975 -0.399522 1
976 -0.904838 1
977 0.00792369 1
978 -0.399522 1
979 -0.398352 1
980 -1.17616 1
981 -0.185463 1
982 -0.399579 1
983 -0.399522 1
984 -0.901237 1
985 0.00870699 1
986 -0.411238 1
987 -0.398551 1
988 -1.1712 1
989 -0.179109 1
990 -0.399552 1
991 -0.399664 1
992 -0.899881 1
993 0.00930389 1
994 -0.408371 1
995 -0.398763 1
996 -1.16625 1
997 -0.172754 1
998 -0.39952 1
999 -0.400044 1
1000 -0.897902 1
1001 0.00974672 1
1002 -0.405784 1
1003 -0.398971 1
1004 -1.16135 1
1005 -0.166406 1
1006 -0.399481 1
1007 -0.400592 1
1008 -0.895352 1
1009 0.0100378 1
1010 -0.403472 1
1011 -0.399166 1
1012 -1.15656 1
1013 -0.160073 1
1014 -0.399439 1
1015 -0.401251 1
1016 -0.892279 1
1017 0.0101977 1
1018 -0.401425 1
1019 -0.399329 1
1020 -1.15197 1
1021 -0.153753 1
1022 -0.399392 1
1023 -0.401965 1
1024 -0.888734 1
1025 0.0102568 1
1026 -0.399635 1
1027 -0.399442 1
1028 -1.14766 1
1029 -0.147441 1
1030 -0.39934 1
1031 -0.402686 1
1032 -0.88477 1
1033 0.0102596 1
1034 -0.398096 1
1035 -0.399481 1
1036 -1.14368 1
1037 -0.141129 1
1038 -0.39928 1
1039 -0.403366 1
1040 -0.403436 1
1041 -0.393515 1
1042 -0.3968 1
1043 -0.399517 1
1044 -1.40934 1
1045 -0.687239 1
1046 -0.85578 1
1047 -0.859696 1
1048 -0.855933 1
1049 -0.839385 1
1050 -0.841632 1
1051 -0.844894 1
1052 -1.4021 1
1053 -0.671073 1
1054 -0.83906 1
1055 -0.844071 1
1056 -0.838895 1
1057 -0.822255 1
1058 -0.824566 1
1059 -0.828839 1
1060 -1.39515 1
1061 -0.655429 1
1062 -0.821684 1
1063 -0.826644 1
1064 -0.81917 1
1065 -0.801891 1
1066 -0.804085 1
1067 -0.399522 1
1068 -1.13192 1
1069 -0.293382 1
1070 -0.00450799 1
1071 -0.00393034 1
1072 -0.00300184 1
1073 -0.00172535 1
1074 0.000118359 1
1075 0.00245957 1
1076 0.0475185 1
1077 0.00415401 1
1078 0.0111994 1
1079 0.0148518 1
1080 0.0179421 1
1081 0.0205848 1
1082 0.0242034 1
1083 0.0278485 1
1084 0.173583 1
1085 0.0222991 1
1086 0.0356362 1
1087 0.0381296 1
1088 0.0387064 1
1089 0.0383581 1
1090 0.0395848 1
1091 0.0405273 1
1092 -1.12466 1
1093 -0.294619 1
1094 -0.399522 1
1095 -0.404864 1
1096 -0.397695 1
1097 -0.38769 1
1098 -0.385453 1
1099 -0.386778 1
1100 -1.10116 1
1101 -0.277981 1
1102 -0.373903 1
1103 -0.378294 1
1104 -0.368333 1
1105 -0.35619 1
1106 -0.361181 1
1107 -0.363037 1
1108 -1.07493 1
1109 -0.265746 1
1110 -0.360898 1
1111 -0.364998 1
1112 -0.357841 1
1113 -0.386054 1
1114 -0.395758 1
1115 -0.399522 1
1116 -1.1009 1
1117 -0.28589 1
1118 -0.386778 1
1119 -0.390521 1
1120 -0.383021 1
1121 -0.37287 1
1122 -0.384136 1
1123 -0.386778 1
1124 -1.09709 1
1125 -0.286176 1
1126 -0.386778 1
1127 -0.389853 1
1128 -0.382691 1
1129 -0.372082 1
1130 -0.385397 1
1131 -0.386778 1
1132 -1.09294 1
1133 -0.286412 1
1134 0.00984206 1
1135 -0.38915 1
1136 0.0101952 1
1137 -0.371297 1
1138 -0.399644 1
1139 -0.386778 1
1140 -1.40255 1
1141 -0.286591 1
1142 -0.885578 1
1143 -0.401241 1
1144 -0.395379 1
1145 -0.382823 1
1146 -0.401434 1
1147 -0.399522 1
1148 -1.09895 1
1149 -0.296574 1
1150 -0.399522 1
1151 -0.40058 1
1152 -0.395847 1
1153 -0.382024 1
1154 -0.403483 1
1155 -0.399522 1
1156 -1.09436 1
1157 -0.296645 1
1158 -0.399522 1
1159 -0.40003 1
1160 -0.396665 1
1161 -0.381227 1
1162 -0.405795 1
1163 -0.399522 1
1164 -1.08975 1
1165 -0.296675 1
1166 -0.399522 1
1167 -0.39965 1
1168 -0.397874 1
1169 -0.380434 1
1170 -0.408381 1
1171 -0.399522 1
1172 -1.08515 1
1173 -0.29668 1
1174 -0.399522 1
1175 -0.399507 1
1176 -0.877514 1
1177 -0.834587 1
1178 -0.889315 1
1179 -0.860878 1
1180 -1.55998 1
1181 -0.85874 1
1182 -0.864789 1
1183 -0.856592 1
1184 -0.858327 1
1185 -0.864642 1
1186 -0.87228 1
1187 -0.85351 1
1188 -0.852342 1
1189 -0.862892 1
1190 -0.849323 1
1191 -0.847894 1
1192 -0.844018 1
1193 -0.845692 1
