1 -1.84445e-07 7.37781e-08 0
2 -5.38492e-09 2.15397e-09 0
3 -1.03975e-07 4.15899e-08 0
4 0.0999998 0 0.0399999
5 -1.33569e-07 5.34275e-08 0
6 -1.22072e-07 4.88288e-08 0
7 -1.48564e-07 5.94256e-08 0
8 -7.12569e-08 2.85028e-08 0
9 -5.93482e-08 2.37393e-08 0
10 -7.36045e-08 2.94418e-08 0
11 0.11239 0 0.044956
12 2.33268 0 0.933071
13 3 0 1
14 0.770235 0 0.308094
15 -0.11272 0.0450878 0
16 -0.0865161 0.0346064 0
17 -0.0865161 0.0346064 0
18 -0.0529648 0.0211859 0
19 -0.0529648 0.0211859 0
20 -0.00135407 0.000541629 0
21 -0.00135407 0.000541629 0
22 0.0607923 0 0.0243169
23 0.0607923 0 0.0243169
24 0.120398 0 0.0481591
25 0.173645 0 0.0694579
26 0.173645 0 0.0694579
27 0.238192 0 0.0952768
28 0.238192 0 0.0952768
29 0.305113 0 0.122045
30 0.305113 0 0.122045
31 0.365551 0 0.14622
32 0.365551 0 0.14622
33 0.422955 0 0.169182
34 0.422955 0 0.169182
35 0.481588 0 0.192635
36 0.481588 0 0.192635
37 0.533456 0 0.213382
38 0.588692 0 0.235477
39 0.588692 0 0.235477
40 0.638401 0 0.25536
41 0.638401 0 0.25536
42 0.671053 0 0.268421
43 0.671053 0 0.268421
44 0.71619 0 0.286476
45 0.748226 0 0.29929
46 0.748226 0 0.29929
47 0.783775 0 0.31351
48 0.783775 0 0.31351
49 0.804453 0 0.321781
50 0.804453 0 0.321781
51 0.841242 0 0.336497
52 0.859501 0 0.3438
53 0.859501 0 0.3438
54 0.886065 0 0.354426
55 0.886065 0 0.354426
56 0.889136 0 0.355654
57 0.889136 0 0.355654
58 0.880315 0 0.352126
59 0.900173 0 0.360069
60 0.900173 0 0.360069
61 0.911342 0 0.364537
62 0.911342 0 0.364537
63 0.902588 0 0.361035
64 0.902588 0 0.361035
65 0.924789 0 0.369916
66 0.924789 0 0.369916
67 0.935654 0 0.374262
68 0.920409 0 0.368163
69 0.920409 0 0.368163
70 0.938173 0 0.375269
71 0.938173 0 0.375269
72 0.929096 0 0.371639
73 0.929096 0 0.371639
74 0.916842 0 0.366737
75 0.916842 0 0.366737
76 0.916168 0 0.366467
77 0.916168 0 0.366467
78 0.919977 0 0.367991
79 0.919977 0 0.367991
80 0.911275 0 0.36451
81 0.911275 0 0.36451
82 0.908642 0 0.363457
83 0.908642 0 0.363457
84 0.900545 0 0.360218
85 0.907354 0 0.362941
86 0.907354 0 0.362941
87 0.927355 0 0.370942
88 0.927355 0 0.370942
89 0.913463 0 0.365385
90 0.913463 0 0.365385
91 0.9074 0 0.36296
92 0.899777 0 0.359911
93 0.899777 0 0.359911
94 0.889166 0 0.355666
95 0.889166 0 0.355666
96 0.900355 0 0.360142
97 0.900355 0 0.360142
98 0.923822 0 0.369529
99 0.923822 0 0.369529
100 0.929497 0 0.371799
101 0.947108 0 0.378843
102 0.947108 0 0.378843
103 0.945288 0 0.378115
104 0.945288 0 0.378115
105 0.95639 0 0.382556
106 0.95639 0 0.382556
107 0.954237 0 0.381695
108 0.954237 0 0.381695
109 0.93607 0 0.374428
110 0.93607 0 0.374428
111 0.931453 0 0.372581
112 0.931453 0 0.372581
113 0.922779 0 0.369111
114 0.909507 0 0.363803
115 0.909507 0 0.363803
116 0.896879 0 0.358752
117 0.896879 0 0.358752
118 0.895246 0 0.358098
119 0.895246 0 0.358098
120 0.917972 0 0.367189
121 0.917972 0 0.367189
122 0.928421 0 0.371369
123 0.928421 0 0.371369
124 0.938722 0 0.375489
125 0.938722 0 0.375489
126 0.918216 0 0.367286
127 0.918216 0 0.367286
128 0.912317 0 0.364927
129 0.912317 0 0.364927
130 0.899399 0 0.35976
131 0.908983 0 0.363593
132 0.908983 0 0.363593
133 0.92019 0 0.368076
134 0.92019 0 0.368076
135 0.903353 0 0.361341
136 0.903353 0 0.361341
137 0.907162 0 0.362865
138 0.907162 0 0.362865
139 0.900295 0 0.360118
140 0.900295 0 0.360118
141 0.909852 0 0.363941
142 0.909852 0 0.363941
143 0.925052 0 0.370021
144 0.925052 0 0.370021
145 0.908232 0 0.363293
146 0.908232 0 0.363293
147 0.898607 0 0.359443
148 0.898607 0 0.359443
149 0.898852 0 0.359541
150 0.900006 0 0.360002
151 0.900006 0 0.360002
152 0.900006 0 0.360002
153 0.909938 0 0.363975
154 0.909938 0 0.363975
155 0.899435 0 0.359774
156 0.899435 0 0.359774
157 0.891626 0 0.35665
158 0.891626 0 0.35665
159 0.917 0 0.3668
160 0.917 0 0.3668
161 0.912894 0 0.365157
162 0.912894 0 0.365157
163 0.912689 0 0.365076
164 0.912689 0 0.365076
165 0.931283 0 0.372513
166 0.923059 0 0.369224
167 0.923059 0 0.369224
168 0.923059 0 0.369224
169 0.941479 0 0.376592
170 0.941479 0 0.376592
171 0.932621 0 0.373048
172 0.932621 0 0.373048
173 0.91566 0 0.366264
174 0.91566 0 0.366264
175 0.90332 0 0.361328
176 0.908709 0 0.363484
177 0.908709 0 0.363484
178 0.932343 0 0.372937
179 0.932343 0 0.372937
180 0.928385 0 0.371354
181 0.941835 0 0.376734
182 0.941835 0 0.376734
183 0.943412 0 0.377365
184 0.943412 0 0.377365
185 0.95229 0 0.380916
186 0.95229 0 0.380916
187 0.95365 0 0.38146
188 0.95365 0 0.38146
189 0.951641 0 0.380657
190 0.951641 0 0.380657
191 0.932956 0 0.373182
192 0.932956 0 0.373182
193 0.929218 0 0.371687
194 0.929218 0 0.371687
195 0.93615 0 0.37446
196 0.93615 0 0.37446
197 0.938115 0 0.375246
198 0.938115 0 0.375246
199 0.930896 0 0.372359
200 0.930896 0 0.372359
201 0.920817 0 0.368327
202 0.920817 0 0.368327
203 0.901736 0 0.360695
204 0.901736 0 0.360695
205 0.916196 0 0.366478
206 0.923473 0 0.369389
207 0.923473 0 0.369389
208 0.929031 0 0.371613
209 0.929031 0 0.371613
210 0.929608 0 0.371843
211 0.929608 0 0.371843
212 0.941696 0 0.376679
213 0.916796 0 0.366718
214 0.916796 0 0.366718
215 0.898431 0 0.359372
216 0.898431 0 0.359372
217 0.889899 0 0.35596
218 0.889899 0 0.35596
219 0.901197 0 0.360479
220 0.901197 0 0.360479
221 0.913093 0 0.365237
222 0.913093 0 0.365237
223 0.897138 0 0.358855
224 0.897138 0 0.358855
225 0.910844 0 0.364338
226 0.910844 0 0.364338
227 0.897723 0 0.359089
228 0.897723 0 0.359089
229 0.887085 0 0.354834
230 0.887085 0 0.354834
231 0.884609 0 0.353844
232 0.884609 0 0.353844
233 0.910565 0 0.364226
234 0.914618 0 0.365847
235 0.914618 0 0.365847
236 0.927499 0 0.371
237 0.927499 0 0.371
238 0.939318 0 0.375727
239 0.939318 0 0.375727
240 0.925944 0 0.370378
241 0.936057 0 0.374423
242 0.936057 0 0.374423
243 0.936306 0 0.374522
244 0.936306 0 0.374522
245 0.947888 0 0.379155
246 0.947888 0 0.379155
247 0.940199 0 0.376079
248 0.940199 0 0.376079
249 0.922195 0 0.368878
250 0.922195 0 0.368878
251 0.921177 0 0.368471
252 0.921177 0 0.368471
253 0.912362 0 0.364945
254 0.912362 0 0.364945
255 0.898859 0 0.359544
256 0.898859 0 0.359544
257 0.901226 0 0.36049
258 0.901226 0 0.36049
259 0.891775 0 0.35671
260 0.891775 0 0.35671
261 0.911184 0 0.364474
262 0.911184 0 0.364474
263 0.902193 0 0.360877
264 0.915236 0 0.366094
265 0.915236 0 0.366094
266 0.920391 0 0.368156
267 0.920391 0 0.368156
268 0.91791 0 0.367164
269 0.91791 0 0.367164
270 0.913994 0 0.365597
271 0.913994 0 0.365597
272 0.932822 0 0.373129
273 0.932822 0 0.373129
274 0.916648 0 0.366659
275 0.916648 0 0.366659
276 0.902461 0 0.360984
277 0.902461 0 0.360984
278 0.901378 0 0.360551
279 0.901378 0 0.360551
280 0.895135 0 0.358054
281 0.886037 0 0.354415
282 0.891674 0 0.35667
283 0.891674 0 0.35667
284 0.905918 0 0.362367
285 0.905918 0 0.362367
286 0.909739 0 0.363895
287 0.909739 0 0.363895
288 0.898402 0 0.359361
289 0.898402 0 0.359361
290 0.92253 0 0.369012
291 0.92253 0 0.369012
292 0.913627 0 0.365451
293 0.913627 0 0.365451
294 0.916641 0 0.366656
295 0.916641 0 0.366656
296 0.927594 0 0.371037
297 0.927594 0 0.371037
298 0.913758 0 0.365503
299 0.913758 0 0.365503
300 0.922578 0 0.369031
301 0.935823 0 0.374329
302 0.935823 0 0.374329
303 0.941753 0 0.376701
304 0.941753 0 0.376701
305 0.957459 0 0.382983
306 0.958626 0 0.38345
307 0.958626 0 0.38345
308 0.961401 0 0.38456
309 0.961401 0 0.38456
310 0.957154 0 0.382862
311 0.957154 0 0.382862
312 0.965082 0 0.386033
313 0.965082 0 0.386033
314 0.935698 0 0.374279
315 0.939233 0 0.375693
316 0.939233 0 0.375693
317 0.916246 0 0.366498
318 0.916246 0 0.366498
319 0.92579 0 0.370316
320 0.92579 0 0.370316
321 0.921226 0 0.36849
322 0.936279 0 0.374511
323 0.936279 0 0.374511
324 0.938133 0 0.375253
325 0.938133 0 0.375253
326 0.939895 0 0.375958
327 0.939895 0 0.375958
328 0.937178 0 0.374871
329 0.942967 0 0.377187
330 0.942967 0 0.377187
331 0.936532 0 0.374613
332 0.936532 0 0.374613
333 0.941007 0 0.376403
334 0.941007 0 0.376403
335 0.94044 0 0.376176
336 0.938086 0 0.375234
337 0.938086 0 0.375234
338 0.925719 0 0.370288
339 0.924413 0 0.369765
340 0.922629 0 0.369051
341 0.922629 0 0.369051
342 0.928506 0 0.371402
343 0.928506 0 0.371402
344 0.93091 0 0.372364
345 0.93091 0 0.372364
346 0.944601 0 0.377841
347 0.944601 0 0.377841
348 0.918561 0 0.367424
349 0.918561 0 0.367424
350 0.926442 0 0.370577
351 0.909546 0 0.363818
352 0.909546 0 0.363818
353 0.91696 0 0.366784
354 0.91696 0 0.366784
355 0.896153 0 0.358461
356 0.896153 0 0.358461
357 0.883339 0 0.353336
358 0.883339 0 0.353336
359 0.873466 0 0.349386
360 0.873466 0 0.349386
361 0.869548 0 0.347819
362 0.869151 0 0.34766
363 0.869151 0 0.34766
364 0.877563 0 0.351025
365 0.877563 0 0.351025
366 0.901192 0 0.360477
367 0.909281 0 0.363712
368 0.909281 0 0.363712
369 0.921189 0 0.368476
370 0.921189 0 0.368476
371 0.925585 0 0.370234
372 0.925585 0 0.370234
373 0.942114 0 0.376846
374 0.941405 0 0.376562
375 0.941405 0 0.376562
376 0.958075 0 0.38323
377 0.958075 0 0.38323
378 0.953802 0 0.381521
379 0.953802 0 0.381521
380 0.954077 0 0.381631
381 0.952574 0 0.38103
382 0.952574 0 0.38103
383 0.958105 0 0.383242
384 0.958105 0 0.383242
385 0.956479 0 0.382591
386 0.956479 0 0.382591
387 0.966607 0 0.386643
388 0.966607 0 0.386643
389 0.959707 0 0.383883
390 0.960045 0 0.384018
391 0.960045 0 0.384018
392 0.946857 0 0.378743
393 0.946857 0 0.378743
394 0.949308 0 0.379723
395 0.948097 0 0.379239
396 0.948097 0 0.379239
397 0.950172 0 0.380069
398 0.950172 0 0.380069
399 0.946975 0 0.37879
400 0.946975 0 0.37879
401 0.953808 0 0.381523
402 0.944617 0 0.377847
403 0.944617 0 0.377847
404 0.946902 0 0.378761
405 0.946902 0 0.378761
406 0.934818 0 0.373927
407 0.934818 0 0.373927
408 0.940426 0 0.37617
409 0.934399 0 0.37376
410 0.934399 0 0.37376
411 0.931776 0 0.37271
412 0.931776 0 0.37271
413 0.929979 0 0.371992
414 0.939957 0 0.375983
415 0.939957 0 0.375983
416 0.92963 0 0.371852
417 0.92963 0 0.371852
418 0.933255 0 0.373302
419 0.933255 0 0.373302
420 0.930259 0 0.372104
421 0.937613 0 0.375045
422 0.937613 0 0.375045
423 0.937129 0 0.374852
424 0.937129 0 0.374852
425 0.939068 0 0.375627
426 0.939068 0 0.375627
427 0.934039 0 0.373616
428 0.942571 0 0.377029
429 0.942571 0 0.377029
430 0.936532 0 0.374613
431 0.936532 0 0.374613
432 0.936387 0 0.374555
433 0.936387 0 0.374555
434 0.938198 0 0.375279
435 0.946187 0 0.378475
436 0.946187 0 0.378475
437 0.938605 0 0.375442
438 0.938605 0 0.375442
439 0.939598 0 0.375839
440 0.939598 0 0.375839
441 0.940896 0 0.376359
442 0.940896 0 0.376359
443 0.951396 0 0.380558
444 0.949742 0 0.379897
445 0.949742 0 0.379897
446 0.95586 0 0.382344
447 0.95586 0 0.382344
448 0.946954 0 0.378782
449 0.946954 0 0.378782
450 0.945557 0 0.378223
451 0.941924 0 0.37677
452 0.941924 0 0.37677
453 0.912257 0 0.364903
454 0.912257 0 0.364903
455 0.925473 0 0.370189
456 0.925473 0 0.370189
457 0.923397 0 0.369359
458 0.923397 0 0.369359
459 0.933624 0 0.37345
460 0.933624 0 0.37345
461 0.937006 0 0.374803
462 0.94 0 0.376
463 0.94 0 0.376
464 0.928174 0 0.37127
465 0.934311 0 0.373724
466 0.934311 0 0.373724
467 0.928554 0 0.371422
468 0.928554 0 0.371422
469 0.929101 0 0.371641
470 0.926521 0 0.370608
471 0.926521 0 0.370608
472 0.92734 0 0.370936
473 0.92734 0 0.370936
474 0.9245 0 0.3698
475 0.9245 0 0.3698
476 0.932567 0 0.373027
477 0.927835 0 0.371134
478 0.927835 0 0.371134
479 0.93785 0 0.37514
480 0.93785 0 0.37514
481 0.930172 0 0.372069
482 0.930172 0 0.372069
483 0.933437 0 0.373375
484 0.933833 0 0.373533
485 0.933833 0 0.373533
486 0.936987 0 0.374795
487 0.936987 0 0.374795
488 0.92805 0 0.37122
489 0.92805 0 0.37122
490 0.938323 0 0.375329
491 0.937465 0 0.374986
492 0.937465 0 0.374986
493 0.940476 0 0.37619
494 0.940476 0 0.37619
495 0.931989 0 0.372795
496 0.934789 0 0.373916
497 0.934789 0 0.373916
498 0.928366 0 0.371346
499 0.928366 0 0.371346
500 0.932149 0 0.37286
501 0.932149 0 0.37286
502 0.931256 0 0.372502
503 0.933223 0 0.373289
504 0.933223 0 0.373289
505 0.92996 0 0.371984
506 0.92996 0 0.371984
507 0.930354 0 0.372142
508 0.930354 0 0.372142
509 0.929841 0 0.371936
510 0.939016 0 0.375607
511 0.939016 0 0.375607
512 0.932522 0 0.373009
513 0.932522 0 0.373009
514 0.936608 0 0.374643
515 0.936779 0 0.374712
516 0.936779 0 0.374712
517 0.939307 0 0.375723
518 0.939307 0 0.375723
519 0.933615 0 0.373446
520 0.933615 0 0.373446
521 0.941796 0 0.376718
522 0.941725 0 0.37669
523 0.941725 0 0.37669
524 0.942789 0 0.377115
525 0.942789 0 0.377115
526 0.941106 0 0.376442
527 0.941106 0 0.376442
528 0.945701 0 0.378281
529 0.943613 0 0.377445
530 0.943613 0 0.377445
531 0.948698 0 0.379479
532 0.948698 0 0.379479
533 0.939032 0 0.375613
534 0.939032 0 0.375613
535 0.939654 0 0.375862
536 0.9375 0 0.375
537 0.9375 0 0.375
538 0.938732 0 0.375493
539 0.938732 0 0.375493
540 0.934312 0 0.373725
541 0.940857 0 0.376343
542 0.940857 0 0.376343
543 0.937865 0 0.375146
544 0.937865 0 0.375146
545 0.936486 0 0.374594
546 0.936486 0 0.374594
547 0.936906 0 0.374763
548 0.941645 0 0.376658
549 0.941645 0 0.376658
550 0.940034 0 0.376014
551 0.940034 0 0.376014
552 0.948818 0 0.379527
553 0.948818 0 0.379527
554 0.941678 0 0.376671
555 0.943242 0 0.377297
556 0.943242 0 0.377297
557 0.942265 0 0.376906
558 0.942265 0 0.376906
559 0.942211 0 0.376884
560 0.942211 0 0.376884
561 0.937633 0 0.375053
562 0.9427 0 0.37708
563 0.9427 0 0.37708
564 0.936711 0 0.374684
565 0.936711 0 0.374684
566 0.935327 0 0.374131
567 0.935327 0 0.374131
568 0.93755 0 0.37502
569 0.940114 0 0.376045
570 0.940114 0 0.376045
571 0.941851 0 0.37674
572 0.941851 0 0.37674
573 0.955764 0 0.382306
574 0.955764 0 0.382306
575 0.957532 0 0.383013
576 0.957632 0 0.383053
577 0.957632 0 0.383053
578 0.955155 0 0.382062
579 0.955155 0 0.382062
580 0.953651 0 0.38146
581 0.953651 0 0.38146
582 0.950901 0 0.38036
583 0.952729 0 0.381091
584 0.952729 0 0.381091
585 0.94819 0 0.379276
586 0.94819 0 0.379276
587 0.951821 0 0.380729
588 0.951821 0 0.380729
589 0.949892 0 0.379957
590 0.9567 0 0.38268
591 0.9567 0 0.38268
592 0.956172 0 0.382469
593 0.956172 0 0.382469
594 0.959704 0 0.383881
595 0.959704 0 0.383881
596 0.948603 0 0.379441
597 0.948603 0 0.379441
598 0.948643 0 0.379457
599 0.940711 0 0.376285
600 0.940711 0 0.376285
601 0.948833 0 0.379533
602 0.948833 0 0.379533
603 0.940521 0 0.376208
604 0.940521 0 0.376208
605 0.949241 0 0.379696
606 0.942659 0 0.377063
607 0.942659 0 0.377063
608 0.950245 0 0.380098
609 0.950245 0 0.380098
610 0.94706 0 0.378824
611 0.94706 0 0.378824
612 0.947164 0 0.378866
613 0.947164 0 0.378866
614 0.946556 0 0.378622
615 0.921174 0 0.368469
616 0.921174 0 0.368469
617 0.924323 0 0.369729
618 0.924323 0 0.369729
619 0.899654 0 0.359862
620 0.899654 0 0.359862
621 0.908635 0 0.363454
622 0.922997 0 0.369199
623 0.922997 0 0.369199
624 0.92699 0 0.370796
625 0.92699 0 0.370796
626 0.931025 0 0.37241
627 0.931025 0 0.37241
628 0.930309 0 0.372124
629 0.930309 0 0.372124
630 0.9386 0 0.37544
631 0.944054 0 0.377622
632 0.944054 0 0.377622
633 0.960173 0 0.384069
634 0.960173 0 0.384069
635 0.967926 0 0.38717
636 0.967926 0 0.38717
637 0.971432 0 0.388573
638 0.966282 0 0.386513
639 0.966282 0 0.386513
640 0.970943 0 0.388377
641 0.970943 0 0.388377
642 0.963975 0 0.38559
643 0.963975 0 0.38559
644 0.959057 0 0.383623
645 0.959057 0 0.383623
646 0.954868 0 0.381947
647 0.949266 0 0.379706
648 0.949266 0 0.379706
649 0.939485 0 0.375794
650 0.939485 0 0.375794
651 0.928071 0 0.371228
652 0.928071 0 0.371228
653 0.921039 0 0.368416
654 0.916544 0 0.366618
655 0.916544 0 0.366618
656 0.9146 0 0.36584
657 0.9146 0 0.36584
658 0.93134 0 0.372536
659 0.937434 0 0.374974
660 0.937434 0 0.374974
661 0.957244 0 0.382898
662 0.957244 0 0.382898
663 0.951956 0 0.380782
664 0.951956 0 0.380782
665 0.953659 0 0.381463
666 0.949714 0 0.379886
667 0.949714 0 0.379886
668 0.953478 0 0.381391
669 0.953478 0 0.381391
670 0.942655 0 0.377062
671 0.942655 0 0.377062
672 0.944859 0 0.377944
673 0.947303 0 0.378921
674 0.947303 0 0.378921
675 0.948363 0 0.379345
676 0.948363 0 0.379345
677 0.93962 0 0.375848
678 0.93962 0 0.375848
679 0.949986 0 0.379994
680 0.945713 0 0.378285
681 0.945713 0 0.378285
682 0.918124 0 0.367249
683 0.918124 0 0.367249
684 0.909216 0 0.363686
685 0.909216 0 0.363686
686 0.917352 0 0.366941
687 0.917352 0 0.366941
688 0.921605 0 0.368642
689 0.931836 0 0.372735
690 0.931836 0 0.372735
691 0.926563 0 0.370625
692 0.926563 0 0.370625
693 0.935228 0 0.374091
694 0.935228 0 0.374091
695 0.939559 0 0.375824
696 0.947749 0 0.3791
697 0.947749 0 0.3791
698 0.956815 0 0.382726
699 0.956815 0 0.382726
700 0.969679 0 0.387872
701 0.969679 0 0.387872
702 0.971802 0 0.388721
703 0.948686 0 0.379475
704 0.948686 0 0.379475
705 0.958141 0 0.383256
706 0.958141 0 0.383256
707 0.95046 0 0.380184
708 0.95046 0 0.380184
709 0.951115 0 0.380446
710 0.951115 0 0.380446
711 0.957115 0 0.382846
712 0.963474 0 0.38539
713 0.963474 0 0.38539
714 0.957409 0 0.382964
715 0.957409 0 0.382964
716 0.963702 0 0.385481
717 0.963702 0 0.385481
718 0.937236 0 0.374894
719 0.935791 0 0.374316
720 0.935791 0 0.374316
721 0.932105 0 0.372842
722 0.932105 0 0.372842
723 0.924732 0 0.369893
724 0.924732 0 0.369893
725 0.934322 0 0.373729
726 0.932832 0 0.373133
727 0.932832 0 0.373133
728 0.939027 0 0.375611
729 0.939027 0 0.375611
730 0.935826 0 0.37433
731 0.943621 0 0.377449
732 0.943621 0 0.377449
733 0.939346 0 0.375739
734 0.939346 0 0.375739
735 0.943052 0 0.377221
736 0.943052 0 0.377221
737 0.941329 0 0.376532
738 0.941329 0 0.376532
739 0.912616 0 0.365046
740 0.918517 0 0.367407
741 0.918517 0 0.367407
742 0.91803 0 0.367212
743 0.91803 0 0.367212
744 0.929075 0 0.37163
745 0.929075 0 0.37163
746 0.928058 0 0.371223
747 0.933485 0 0.373394
748 0.933485 0 0.373394
749 0.931233 0 0.372493
750 0.931233 0 0.372493
751 0.930338 0 0.372135
752 0.932643 0 0.373057
753 0.932643 0 0.373057
754 0.936824 0 0.37473
755 0.936824 0 0.37473
756 0.933678 0 0.373471
757 0.933678 0 0.373471
758 0.948061 0 0.379225
759 0.958944 0 0.383578
760 0.958944 0 0.383578
761 0.952263 0 0.380905
762 0.952263 0 0.380905
763 0.983236 0 0.393294
764 0.983236 0 0.393294
765 1.00885 0 0.403538
766 1.02084 0 0.408336
767 1.02084 0 0.408336
768 1.01623 0 0.406493
769 1.01623 0 0.406493
770 1.01611 0 0.406442
771 1.01611 0 0.406442
772 1.01398 0 0.405592
773 1.01874 0 0.407495
774 1.01874 0 0.407495
775 1.01407 0 0.405628
776 1.01407 0 0.405628
777 1.00982 0 0.403927
778 1.00982 0 0.403927
779 1.0032 0 0.401281
780 1.00534 0 0.402135
781 1.00534 0 0.402135
782 1.00408 0 0.401633
783 1.00408 0 0.401633
784 1.00502 0 0.402006
785 1.00502 0 0.402006
786 0.997295 0 0.398918
787 0.996291 0 0.398516
788 0.996291 0 0.398516
789 0.991478 0 0.396591
790 0.991478 0 0.396591
791 0.984079 0 0.393631
792 0.984079 0 0.393631
793 0.985958 0 0.394383
794 0.982793 0 0.393117
795 0.982793 0 0.393117
796 0.97382 0 0.389528
797 0.97382 0 0.389528
798 0.974068 0 0.389627
799 0.974068 0 0.389627
800 0.973866 0 0.389546
801 0.972417 0 0.388967
802 0.972417 0 0.388967
803 0.97206 0 0.388824
804 0.97206 0 0.388824
805 0.968294 0 0.387318
806 0.968294 0 0.387318
807 0.967454 0 0.386981
808 0.967384 0 0.386953
809 0.967384 0 0.386953
810 0.962511 0 0.385005
811 0.962511 0 0.385005
812 0.95532 0 0.382128
813 0.95532 0 0.382128
814 0.960796 0 0.384318
815 0.959126 0 0.38365
816 0.959126 0 0.38365
817 0.955186 0 0.382074
818 0.955186 0 0.382074
819 0.950875 0 0.38035
820 0.950875 0 0.38035
821 0.96684 0 0.386736
822 0.990272 0 0.396109
823 0.990272 0 0.396109
824 1.00427 0 0.401707
825 1.00427 0 0.401707
826 1.003 0 0.401199
827 1.003 0 0.401199
828 1.00438 0 0.401751
829 0.99732 0 0.398928
830 0.99732 0 0.398928
831 0.991683 0 0.396673
832 0.991683 0 0.396673
833 0.982222 0 0.392889
834 0.982222 0 0.392889
835 0.956264 0 0.382506
836 0.956264 0 0.382506
837 0.961912 0 0.384765
838 0.957482 0 0.382993
839 0.957482 0 0.382993
840 0.952104 0 0.380841
841 0.952104 0 0.380841
842 0.950249 0 0.3801
843 0.950249 0 0.3801
844 0.93211 0 0.372844
845 0.93211 0 0.372844
846 0.933658 0 0.373463
847 0.93199 0 0.372796
848 0.93199 0 0.372796
849 0.934692 0 0.373877
850 0.934692 0 0.373877
851 0.935568 0 0.374227
852 0.935568 0 0.374227
853 2.10055 0 0.84022
854 1.97199 0 0.788797
855 1.97199 0 0.788797
856 2.42204 0 0.968817
857 2.42204 0 0.968817
858 2.67693 0 1
859 2.67693 0 1
860 2.81447 0 1
861 2.81447 0 1
862 2.88795 0 1
863 2.88151 0 1
864 2.88151 0 1
865 2.89097 0 1
866 2.89097 0 1
867 2.88138 0 1
868 2.88138 0 1
869 2.88996 0 1
870 2.88772 0 1
871 2.88772 0 1
872 2.9021 0 1
873 2.9021 0 1
874 2.89547 0 1
875 2.89547 0 1
876 2.89263 0 1
877 2.86388 0 1
878 2.86388 0 1
879 2.89575 0 1
880 2.89575 0 1
881 2.89765 0 1
882 2.89765 0 1
883 2.89246 0 1
884 2.90425 0 1
885 2.90425 0 1
886 2.90697 0 1
887 2.90697 0 1
888 2.90273 0 1
889 2.90273 0 1
890 2.88858 0 1
891 2.89864 0 1
892 2.89864 0 1
893 2.90287 0 1
894 2.90287 0 1
895 2.89406 0 1
896 2.89406 0 1
897 2.893 0 1
898 2.89121 0 1
899 2.89121 0 1
900 2.91267 0 1
901 2.91267 0 1
902 2.89756 0 1
903 2.89756 0 1
904 2.89921 0 1
905 2.89347 0 1
906 2.89347 0 1
907 2.88098 0 1
908 2.88098 0 1
909 2.90965 0 1
910 2.90965 0 1
911 2.90172 0 1
912 2.89186 0 1
913 2.89186 0 1
914 2.90056 0 1
915 2.90056 0 1
916 2.90222 0 1
917 2.90222 0 1
918 2.87891 0 1
919 2.89657 0 1
920 2.89657 0 1
921 2.88586 0 1
922 2.88586 0 1
923 2.95329 0 1
924 2.95329 0 1
925 2.96964 0 1
926 2.9753 0 1
927 2.9753 0 1
928 2.96755 0 1
929 2.96755 0 1
930 2.9577 0 1
931 2.9605 0 1
932 2.9605 0 1
933 2.95983 0 1
934 2.95983 0 1
935 2.95779 0 1
936 2.95779 0 1
937 2.96732 0 1
938 2.96732 0 1
939 2.94336 0 1
940 2.96295 0 1
941 2.96295 0 1
942 2.95473 0 1
943 2.95473 0 1
944 2.95941 0 1
945 2.95941 0 1
946 2.94402 0 1
947 2.9612 0 1
948 2.9612 0 1
949 2.94681 0 1
950 2.94681 0 1
951 2.95898 0 1
952 2.95898 0 1
953 2.95832 0 1
954 2.95832 0 1
955 2.94898 0 1
956 2.94663 0 1
957 2.94663 0 1
958 2.96194 0 1
959 2.96194 0 1
960 2.9654 0 1
961 2.9654 0 1
962 2.95554 0 1
963 2.96594 0 1
964 2.96594 0 1
965 2.9556 0 1
966 2.9556 0 1
967 2.95073 0 1
968 2.95073 0 1
969 2.96152 0 1
970 2.95278 0 1
971 2.95278 0 1
972 2.96191 0 1
973 2.96191 0 1
974 2.95551 0 1
975 2.95551 0 1
976 2.96203 0 1
977 2.96203 0 1
978 2.96199 0 1
979 2.95607 0 1
980 2.95607 0 1
981 2.959 0 1
982 2.959 0 1
983 2.92451 0 1
984 2.92451 0 1
985 2.94947 0 1
986 2.95587 0 1
987 2.95587 0 1
988 2.96054 0 1
989 2.96054 0 1
990 2.96306 0 1
991 2.96306 0 1
992 2.95559 0 1
993 2.96446 0 1
994 2.96446 0 1
995 2.95311 0 1
996 2.95311 0 1
997 2.96503 0 1
998 2.96503 0 1
999 2.94651 0 1
1000 2.9656 0 1
1001 2.9656 0 1
1002 2.97151 0 1
1003 2.97151 0 1
1004 2.94047 0 1
1005 2.94047 0 1
1006 2.9668 0 1
1007 2.9668 0 1
1008 2.96209 0 1
1009 2.96174 0 1
1010 2.96174 0 1
1011 2.95599 0 1
1012 2.95599 0 1
1013 2.96838 0 1
1014 2.94834 0 1
1015 2.94834 0 1
1016 2.96134 0 1
1017 2.96134 0 1
1018 2.95815 0 1
1019 2.95815 0 1
1020 2.94733 0 1
1021 2.9658 0 1
1022 2.9658 0 1
1023 2.96786 0 1
1024 2.96786 0 1
1025 2.96446 0 1
1026 2.96446 0 1
1027 2.94998 0 1
1028 2.95633 0 1
1029 2.95633 0 1
1030 2.96057 0 1
1031 2.96057 0 1
1032 2.95032 0 1
1033 2.95032 0 1
1034 2.96509 0 1
1035 2.95811 0 1
1036 2.95811 0 1
1037 2.96078 0 1
1038 2.96078 0 1
1039 2.96789 0 1
1040 2.96915 0 1
1041 2.96915 0 1
1042 2.96303 0 1
1043 2.96303 0 1
1044 2.95526 0 1
1045 2.95526 0 1
1046 2.9581 0 1
1047 2.95866 0 1
1048 2.95866 0 1
1049 2.94299 0 1
1050 2.94299 0 1
1051 2.95324 0 1
1052 2.95324 0 1
1053 2.9458 0 1
1054 2.96288 0 1
1055 2.96288 0 1
1056 2.95808 0 1
1057 2.95808 0 1
1058 2.95808 0 1
1059 2.95808 0 1
1060 2.95808 0 1
1061 2.95808 0 1
1062 2.95808 0 1
1063 2.95808 0 1
1064 2.95808 0 1
1065 2.95808 0 1
1066 2.95808 0 1
1067 2.95808 0 1
1068 2.95808 0 1
1069 2.95808 0 1
1070 2.95808 0 1
1071 2.95808 0 1
1072 2.95808 0 1
1073 2.95808 0 1
1074 2.95808 0 1
1075 2.95808 0 1
1076 2.95808 0 1
1077 2.95808 0 1
1078 2.95808 0 1
1079 2.95808 0 1
1080 2.95808 0 1
1081 2.95808 0 1
1082 2.95808 0 1
1083 2.95808 0 1
1084 2.95808 0 1
1085 2.95808 0 1
1086 2.95808 0 1
1087 2.95808 0 1
1088 2.95808 0 1
1089 2.95808 0 1
1090 2.95808 0 1
1091 2.95808 0 1
1092 2.95808 0 1
1093 2.95808 0 1
1094 2.95808 0 1
1095 2.95808 0 1
1096 2.95808 0 1
1097 2.95808 0 1
1098 2.95808 0 1
1099 2.95808 0 1
1100 2.95808 0 1
1101 2.95808 0 1
1102 2.95808 0 1
1103 2.95808 0 1
1104 2.95808 0 1
1105 2.95808 0 1
1106 2.95808 0 1
1107 2.95808 0 1
1108 2.95808 0 1
1109 2.95808 0 1
1110 2.95808 0 1
1111 2.95808 0 1
1112 2.95808 0 1
1113 2.95808 0 1
1114 2.95808 0 1
1115 2.95808 0 1
1116 2.95808 0 1
1117 2.95808 0 1
1118 2.95808 0 1
1119 2.95808 0 1
1120 2.95808 0 1
1121 2.95808 0 1
1122 2.95808 0 1
1123 2.95808 0 1
1124 2.95808 0 1
1125 2.95808 0 1
1126 2.95808 0 1
1127 2.95808 0 1
1128 2.95808 0 1
1129 2.95808 0 1
1130 2.95808 0 1
1131 2.95808 0 1
1132 2.95808 0 1
1133 2.95808 0 1
1134 2.95808 0 1
1135 2.95808 0 1
1136 2.95808 0 1
1137 2.95808 0 1
1138 2.95808 0 1
1139 2.95808 0 1
1140 2.95808 0 1
1141 2.95808 0 1
1142 2.95808 0 1
1143 2.95808 0 1
1144 2.95808 0 1
1145 2.95808 0 1
1146 2.95808 0 1
1147 2.95808 0 1
1148 2.95808 0 1
1149 2.95808 0 1
1150 2.95808 0 1
1151 2.95808 0 1
1152 2.95808 0 1
1153 2.95808 0 1
1154 2.95808 0 1
1155 2.95808 0 1
1156 2.95808 0 1
1157 2.95808 0 1
1158 2.95808 0 1
1159 2.95808 0 1
1160 2.95808 0 1
1161 2.95808 0 1
1162 2.95808 0 1
1163 2.95808 0 1
1164 2.95808 0 1
1165 2.95808 0 1
1166 2.95808 0 1
1167 2.95808 0 1
1168 2.95808 0 1
1169 2.95808 0 1
1170 2.95808 0 1
1171 2.95808 0 1
1172 2.95808 0 1
1173 2.95808 0 1
1174 2.95808 0 1
1175 2.95808 0 1
1176 2.95808 0 1
1177 2.95808 0 1
1178 2.95808 0 1
1179 2.95808 0 1
1180 2.95808 0 1
1181 2.95808 0 1
1182 2.95808 0 1
1183 2.95808 0 1
1184 2.95808 0 1
1185 2.95808 0 1
1186 2.95808 0 1
1187 2.95808 0 1
1188 2.95808 0 1
1189 2.95808 0 1
1190 2.95808 0 1
1191 2.95808 0 1
1192 2.95808 0 1
1193 2.95808 0 1
1194 2.95808 0 1
1195 2.95808 0 1
1196 2.95808 0 1
1197 2.95808 0 1
1198 2.95808 0 1
1199 2.95808 0 1
1200 2.95808 0 1
1201 2.95808 0 1
1202 2.95808 0 1
1203 2.95808 0 1
1204 2.95808 0 1
1205 2.95808 0 1
1206 2.95808 0 1
1207 2.95808 0 1
1208 2.95808 0 1
1209 2.95808 0 1
1210 2.95808 0 1
1211 2.95808 0 1
1212 2.95808 0 1
1213 2.95808 0 1
1214 2.95808 0 1
1215 2.95808 0 1
1216 2.95808 0 1
1217 2.95808 0 1
1218 2.95808 0 1
1219 2.95808 0 1
1220 2.95808 0 1
1221 2.95808 0 1
1222 2.95808 0 1
1223 2.95808 0 1
1224 2.95808 0 1
1225 2.95808 0 1
1226 2.95808 0 1
1227 2.95808 0 1
1228 2.95808 0 1
1229 2.95808 0 1
1230 2.95808 0 1
1231 2.95808 0 1
1232 2.95808 0 1
1233 2.95808 0 1
1234 2.95808 0 1
1235 2.95808 0 1
1236 2.95808 0 1
1237 2.95808 0 1
1238 2.95808 0 1
1239 2.95808 0 1
1240 2.95808 0 1
1241 2.95808 0 1
1242 2.95808 0 1
1243 2.95808 0 1
1244 2.95808 0 1
1245 2.95808 0 1
1246 2.95808 0 1
1247 2.95808 0 1
1248 2.95808 0 1
1249 2.95808 0 1
1250 2.95808 0 1
1251 2.95808 0 1
1252 2.95808 0 1
1253 2.95808 0 1
1254 2.95808 0 1
1255 2.95808 0 1
1256 2.95808 0 1
1257 2.95808 0 1
1258 2.95808 0 1
1259 2.95808 0 1
1260 2.95808 0 1
1261 2.95808 0 1
1262 2.95808 0 1
1263 2.95808 0 1
1264 2.95808 0 1
1265 2.95808 0 1
1266 2.95808 0 1
1267 2.95808 0 1
1268 2.95808 0 1
1269 2.95808 0 1
1270 2.95808 0 1
1271 2.95808 0 1
1272 2.95808 0 1
1273 2.95808 0 1
1274 2.95808 0 1
1275 2.95808 0 1
1276 2.95808 0 1
1277 2.95808 0 1
1278 2.95808 0 1
1279 2.95808 0 1
1280 2.95808 0 1
1281 2.95808 0 1
1282 2.95808 0 1
1283 2.95808 0 1
1284 2.95808 0 1
1285 2.95808 0 1
1286 2.95808 0 1
1287 2.95808 0 1
1288 2.95808 0 1
1289 2.95808 0 1
1290 2.95808 0 1
1291 2.95808 0 1
1292 2.95808 0 1
1293 2.95808 0 1
1294 2.95808 0 1
1295 2.95808 0 1
1296 2.95808 0 1
1297 2.95808 0 1
1298 2.95808 0 1
1299 2.95808 0 1
1300 2.95808 0 1
1301 2.95808 0 1
1302 2.95808 0 1
1303 2.95808 0 1
1304 2.95808 0 1
1305 2.95808 0 1
1306 2.95808 0 1
1307 2.95808 0 1
1308 2.95808 0 1
1309 2.95808 0 1
1310 2.95808 0 1
1311 2.95808 0 1
1312 2.95808 0 1
1313 2.95808 0 1
1314 2.95808 0 1
1315 2.95808 0 1
1316 2.95808 0 1
1317 2.95808 0 1
1318 2.95808 0 1
1319 2.95808 0 1
1320 2.95808 0 1
1321 2.95808 0 1
1322 2.95808 0 1
1323 2.95808 0 1
1324 2.95808 0 1
1325 2.95808 0 1
1326 2.95808 0 1
1327 2.95808 0 1
1328 2.95808 0 1
1329 2.95808 0 1
1330 2.95808 0 1
1331 2.95808 0 1
1332 2.95808 0 1
1333 2.95808 0 1
1334 2.95808 0 1
1335 2.95808 0 1
1336 2.95808 0 1
1337 2.95808 0 1
1338 2.95808 0 1
1339 2.95808 0 1
1340 2.95808 0 1
1341 2.95808 0 1
1342 2.95808 0 1
1343 2.95808 0 1
1344 2.95808 0 1
1345 2.95808 0 1
1346 2.95808 0 1
1347 2.95808 0 1
1348 2.95808 0 1
1349 2.95808 0 1
1350 2.95808 0 1
1351 2.95808 0 1
1352 2.95808 0 1
1353 2.95808 0 1
1354 2.95808 0 1
1355 2.95808 0 1
1356 2.95808 0 1
1357 2.95808 0 1
1358 2.95808 0 1
1359 2.95808 0 1
1360 2.95808 0 1
1361 2.95808 0 1
1362 2.95808 0 1
1363 2.95808 0 1
1364 2.95808 0 1
1365 2.95808 0 1
1366 2.95808 0 1
1367 2.95808 0 1
1368 2.95808 0 1
1369 2.95808 0 1
1370 2.95808 0 1
1371 2.95808 0 1
1372 2.95808 0 1
1373 2.95808 0 1
1374 2.95808 0 1
1375 2.95808 0 1
1376 2.95808 0 1
1377 2.95808 0 1
1378 2.95808 0 1
1379 2.95808 0 1
1380 2.95808 0 1
1381 2.95808 0 1
1382 2.95808 0 1
1383 2.95808 0 1
1384 2.95808 0 1
1385 2.95808 0 1
1386 2.95808 0 1
1387 2.95808 0 1
1388 2.95808 0 1
1389 2.95808 0 1
1390 2.95808 0 1
1391 2.95808 0 1
1392 2.95808 0 1
1393 2.95808 0 1
1394 2.95808 0 1
1395 2.95808 0 1
1396 2.95808 0 1
1397 2.95808 0 1
1398 2.95808 0 1
1399 2.95808 0 1
1400 2.95808 0 1
1401 2.95808 0 1
1402 2.95808 0 1
1403 2.95808 0 1
1404 2.95808 0 1
1405 2.95808 0 1
1406 2.95808 0 1
1407 2.95808 0 1
1408 2.95808 0 1
1409 2.95808 0 1
1410 2.95808 0 1
1411 2.95808 0 1
1412 2.95808 0 1
1413 2.95808 0 1
1414 2.95808 0 1
1415 2.95808 0 1
1416 2.95808 0 1
1417 2.95808 0 1
1418 2.95808 0 1
1419 2.95808 0 1
1420 2.95808 0 1
1421 2.95808 0 1
1422 2.95808 0 1
1423 2.95808 0 1
1424 2.95808 0 1
1425 2.95808 0 1
1426 2.95808 0 1
1427 2.95808 0 1
1428 2.95808 0 1
1429 2.95808 0 1
1430 2.95808 0 1
1431 2.95808 0 1
1432 2.95808 0 1
1433 2.95808 0 1
1434 2.95808 0 1
1435 2.95808 0 1
1436 2.95808 0 1
1437 2.95808 0 1
1438 2.95808 0 1
1439 2.95808 0 1
1440 2.95808 0 1
1441 2.95808 0 1
1442 2.95808 0 1
1443 2.95808 0 1
1444 2.95808 0 1
1445 2.95808 0 1
1446 2.95808 0 1
1447 2.95808 0 1
1448 2.95808 0 1
1449 2.95808 0 1
1450 2.95808 0 1
1451 2.95808 0 1
1452 2.95808 0 1
1453 2.95808 0 1
1454 2.95808 0 1
1455 2.95808 0 1
1456 2.95808 0 1
1457 2.95808 0 1
1458 2.95808 0 1
1459 2.95808 0 1
1460 2.95808 0 1
1461 2.95808 0 1
1462 2.95808 0 1
1463 2.95808 0 1
1464 2.95808 0 1
1465 2.95808 0 1
1466 2.95808 0 1
1467 2.95808 0 1
1468 2.95808 0 1
1469 2.95808 0 1
1470 2.95808 0 1
1471 2.95808 0 1
1472 2.95808 0 1
1473 2.95808 0 1
1474 2.95808 0 1
1475 2.95808 0 1
1476 2.95808 0 1
1477 2.95808 0 1
1478 2.95808 0 1
1479 2.95808 0 1
1480 2.95808 0 1
1481 2.95808 0 1
1482 2.95808 0 1
1483 2.95808 0 1
1484 2.95808 0 1
1485 2.95808 0 1
1486 2.95808 0 1
1487 2.95808 0 1
1488 2.95808 0 1
1489 2.95808 0 1
1490 2.95808 0 1
1491 2.95808 0 1
1492 2.95808 0 1
1493 2.95808 0 1
1494 2.95808 0 1
1495 2.95808 0 1
1496 2.95808 0 1
1497 2.95808 0 1
1498 2.95808 0 1
1499 2.95808 0 1
1500 2.95808 0 1
1501 2.95808 0 1
1502 2.95808 0 1
1503 2.95808 0 1
1504 2.95808 0 1
1505 2.95808 0 1
1506 2.95808 0 1
1507 2.95808 0 1
1508 2.95808 0 1
1509 2.95808 0 1
1510 2.95808 0 1
1511 2.95808 0 1
1512 2.95808 0 1
1513 2.95808 0 1
1514 2.95808 0 1
1515 2.95808 0 1
1516 2.95808 0 1
1517 2.95808 0 1
1518 2.95808 0 1
1519 2.95808 0 1
1520 2.95808 0 1
1521 2.95808 0 1
1522 2.95808 0 1
1523 2.95808 0 1
1524 2.95808 0 1
1525 2.95808 0 1
1526 2.95808 0 1
1527 2.95808 0 1
1528 2.95808 0 1
1529 2.95808 0 1
1530 2.95808 0 1
1531 2.95808 0 1
1532 2.95808 0 1
1533 2.95808 0 1
1534 2.95808 0 1
1535 2.95808 0 1
1536 2.95808 0 1
1537 2.95808 0 1
1538 2.95808 0 1
1539 2.95808 0 1
1540 2.95808 0 1
1541 2.95808 0 1
1542 2.95808 0 1
1543 2.95808 0 1
1544 2.95808 0 1
1545 2.95808 0 1
1546 2.95808 0 1
1547 2.95808 0 1
1548 2.95808 0 1
1549 2.95808 0 1
1550 2.95808 0 1
1551 2.95808 0 1
1552 2.95808 0 1
1553 2.95808 0 1
1554 2.95808 0 1
1555 2.95808 0 1
1556 2.95808 0 1
1557 2.95808 0 1
1558 2.95808 0 1
1559 2.95808 0 1
1560 2.95808 0 1
1561 2.95808 0 1
1562 2.95808 0 1
1563 2.95808 0 1
1564 2.95808 0 1
1565 2.95808 0 1
1566 2.95808 0 1
1567 2.95808 0 1
1568 2.95808 0 1
1569 2.95808 0 1
1570 2.95808 0 1
1571 2.95808 0 1
1572 2.95808 0 1
1573 2.95808 0 1
1574 2.95808 0 1
1575 2.95808 0 1
1576 2.95808 0 1
1577 2.95808 0 1
1578 2.95808 0 1
1579 2.95808 0 1
1580 2.95808 0 1
1581 2.95808 0 1
1582 2.95808 0 1
1583 2.95808 0 1
1584 2.95808 0 1
1585 2.95808 0 1
1586 2.95808 0 1
1587 2.95808 0 1
1588 2.95808 0 1
1589 2.95808 0 1
1590 2.95808 0 1
1591 2.95808 0 1
1592 2.95808 0 1
1593 2.95808 0 1
1594 2.95808 0 1
1595 2.95808 0 1
1596 2.95808 0 1
1597 2.95808 0 1
1598 2.95808 0 1
1599 2.95808 0 1
1600 2.95808 0 1
1601 2.95808 0 1
1602 2.95808 0 1
1603 2.95808 0 1
1604 2.95808 0 1
1605 2.95808 0 1
1606 2.95808 0 1
1607 2.95808 0 1
1608 2.95808 0 1
1609 2.95808 0 1
1610 2.95808 0 1
1611 2.95808 0 1
1612 2.95808 0 1
1613 2.95808 0 1
1614 2.95808 0 1
1615 2.95808 0 1
1616 2.95808 0 1
1617 2.95808 0 1
1618 2.95808 0 1
1619 2.95808 0 1
1620 2.95808 0 1
1621 2.95808 0 1
1622 2.95808 0 1
1623 2.95808 0 1
1624 2.95808 0 1
1625 2.95808 0 1
1626 2.95808 0 1
1627 2.95808 0 1
1628 2.95808 0 1
1629 2.95808 0 1
1630 2.95808 0 1
1631 2.95808 0 1
1632 2.95808 0 1
1633 2.95808 0 1
1634 2.95808 0 1
1635 2.95808 0 1
1636 2.95808 0 1
1637 2.95808 0 1
1638 2.95808 0 1
1639 2.95808 0 1
1640 2.95808 0 1
1641 2.95808 0 1
1642 2.95808 0 1
1643 2.95808 0 1
1644 2.95808 0 1
1645 2.95808 0 1
1646 2.95808 0 1
1647 2.95808 0 1
1648 2.95808 0 1
1649 2.95808 0 1
1650 2.95808 0 1
1651 2.95808 0 1
1652 2.95808 0 1
1653 2.95808 0 1
1654 2.95808 0 1
1655 2.95808 0 1
1656 2.95808 0 1
1657 2.95808 0 1
1658 2.95808 0 1
1659 2.95808 0 1
1660 2.95808 0 1
1661 2.95808 0 1
1662 2.95808 0 1
1663 2.95808 0 1
1664 2.95808 0 1
1665 2.95808 0 1
1666 2.95808 0 1
1667 2.95808 0 1
1668 2.95808 0 1
1669 2.95808 0 1
1670 2.95808 0 1
1671 2.95808 0 1
1672 2.95808 0 1
1673 2.95808 0 1
1674 2.95808 0 1
1675 2.95808 0 1
1676 2.95808 0 1
1677 2.95808 0 1
1678 2.95808 0 1
1679 2.95808 0 1
1680 2.95808 0 1
1681 2.95808 0 1
1682 2.95808 0 1
1683 2.95808 0 1
1684 2.95808 0 1
1685 2.95808 0 1
1686 2.95808 0 1
1687 2.95808 0 1
1688 2.95808 0 1
1689 2.95808 0 1
1690 2.95808 0 1
1691 2.95808 0 1
1692 2.95808 0 1
1693 2.95808 0 1
1694 2.95808 0 1
1695 2.95808 0 1
1696 2.95808 0 1
1697 2.95808 0 1
1698 2.95808 0 1
1699 2.95808 0 1
1700 2.95808 0 1
1701 2.95808 0 1
1702 2.95808 0 1
1703 2.95808 0 1
1704 2.95808 0 1
1705 2.95808 0 1
1706 2.95808 0 1
1707 2.95808 0 1
1708 2.95808 0 1
1709 2.95808 0 1
1710 2.95808 0 1
1711 2.95808 0 1
1712 2.95808 0 1
1713 2.95808 0 1
1714 2.95808 0 1
1715 2.95808 0 1
1716 2.95808 0 1
1717 2.95808 0 1
1718 2.95808 0 1
1719 2.95808 0 1
1720 2.95808 0 1
1721 2.95808 0 1
1722 2.95808 0 1
1723 2.95808 0 1
1724 2.95808 0 1
1725 2.95808 0 1
1726 2.95808 0 1
1727 2.95808 0 1
1728 2.95808 0 1
1729 2.95808 0 1
1730 2.95808 0 1
1731 2.95808 0 1
1732 2.95808 0 1
1733 2.95808 0 1
1734 2.95808 0 1
1735 2.95808 0 1
1736 2.95808 0 1
1737 2.95808 0 1
1738 2.95808 0 1
1739 2.95808 0 1
1740 2.95808 0 1
1741 2.95808 0 1
1742 2.95808 0 1
1743 2.95808 0 1
1744 2.95808 0 1
1745 2.95808 0 1
1746 2.95808 0 1
1747 2.95808 0 1
1748 2.95808 0 1
1749 2.95808 0 1
1750 2.95808 0 1
1751 2.95808 0 1
1752 2.95808 0 1
1753 2.95808 0 1
1754 2.95808 0 1
1755 2.95808 0 1
1756 2.95808 0 1
1757 2.95808 0 1
1758 2.95808 0 1
1759 2.95808 0 1
1760 2.95808 0 1
1761 2.95808 0 1
1762 2.95808 0 1
1763 2.95808 0 1
1764 2.95808 0 1
1765 2.95808 0 1
1766 2.95808 0 1
1767 2.95808 0 1
1768 2.95808 0 1
1769 2.95808 0 1
1770 2.95808 0 1
1771 2.95808 0 1
1772 2.95808 0 1
1773 2.95808 0 1
1774 2.95808 0 1
1775 2.95808 0 1
1776 2.95808 0 1
1777 2.95808 0 1
1778 2.95808 0 1
1779 2.95808 0 1
1780 2.95808 0 1
1781 2.95808 0 1
1782 2.95808 0 1
1783 2.95808 0 1
1784 2.95808 0 1
1785 2.95808 0 1
1786 2.95808 0 1
1787 2.95808 0 1
1788 2.95808 0 1
1789 2.95808 0 1
1790 2.95808 0 1
1791 2.95808 0 1
1792 2.95808 0 1
1793 2.95808 0 1
1794 2.95808 0 1
1795 2.95808 0 1
1796 2.95808 0 1
1797 2.95808 0 1
1798 2.95808 0 1
1799 2.95808 0 1
1800 2.95808 0 1
1801 2.95808 0 1
1802 2.95808 0 1
1803 2.95808 0 1
1804 2.95808 0 1
1805 2.95808 0 1
1806 2.95808 0 1
1807 2.95808 0 1
1808 2.95808 0 1
1809 2.95808 0 1
1810 2.95808 0 1
1811 2.95808 0 1
1812 2.95808 0 1
1813 2.95808 0 1
1814 2.95808 0 1
1815 2.95808 0 1
1816 2.95808 0 1
1817 2.95808 0 1
1818 2.95808 0 1
1819 2.95808 0 1
1820 2.95808 0 1
1821 2.95808 0 1
1822 2.95808 0 1
1823 2.95808 0 1
1824 2.95808 0 1
1825 2.95808 0 1
1826 2.95808 0 1
1827 2.95808 0 1
1828 2.95808 0 1
1829 2.95808 0 1
1830 2.95808 0 1
1831 2.95808 0 1
1832 2.95808 0 1
1833 2.95808 0 1
1834 2.95808 0 1
1835 2.95808 0 1
1836 2.95808 0 1
1837 2.95808 0 1
1838 2.95808 0 1
1839 2.95808 0 1
1840 2.95808 0 1
1841 2.95808 0 1
1842 2.95808 0 1
1843 2.95808 0 1
1844 2.95808 0 1
1845 2.95808 0 1
1846 2.95808 0 1
1847 2.95808 0 1
1848 2.95808 0 1
1849 2.95808 0 1
1850 2.95808 0 1
1851 2.95808 0 1
1852 2.95808 0 1
1853 2.95808 0 1
1854 2.95808 0 1
1855 2.95808 0 1
1856 2.95808 0 1
1857 2.95808 0 1
1858 2.95808 0 1
1859 2.95808 0 1
1860 2.95808 0 1
1861 2.95808 0 1
1862 2.95808 0 1
1863 2.95808 0 1
1864 2.95808 0 1
1865 2.95808 0 1
1866 2.95808 0 1
1867 2.95808 0 1
1868 2.95808 0 1
1869 2.95808 0 1
1870 2.95808 0 1
1871 2.95808 0 1
1872 2.95808 0 1
1873 2.95808 0 1
1874 2.95808 0 1
1875 2.95808 0 1
1876 2.95808 0 1
1877 2.95808 0 1
1878 2.95808 0 1
1879 2.95808 0 1
1880 2.95808 0 1
1881 2.95808 0 1
1882 2.95808 0 1
1883 2.95808 0 1
1884 2.95808 0 1
1885 2.95808 0 1
1886 2.95808 0 1
1887 2.95808 0 1
1888 2.95808 0 1
1889 2.95808 0 1
1890 2.95808 0 1
1891 2.95808 0 1
1892 2.95808 0 1
1893 2.95808 0 1
1894 2.95808 0 1
1895 2.95808 0 1
1896 2.95808 0 1
1897 2.95808 0 1
1898 2.95808 0 1
1899 2.95808 0 1
1900 2.95808 0 1
1901 2.95808 0 1
1902 2.95808 0 1
1903 2.95808 0 1
1904 2.95808 0 1
1905 2.95808 0 1
1906 2.95808 0 1
1907 2.95808 0 1
1908 2.95808 0 1
1909 2.95808 0 1
1910 2.95808 0 1
1911 2.95808 0 1
1912 2.95808 0 1
1913 2.95808 0 1
1914 2.95808 0 1
1915 2.95808 0 1
1916 2.95808 0 1
1917 2.95808 0 1
1918 2.95808 0 1
1919 2.95808 0 1
1920 2.95808 0 1
1921 2.95808 0 1
1922 2.95808 0 1
1923 2.95808 0 1
1924 2.95808 0 1
1925 2.95808 0 1
1926 2.95808 0 1
1927 2.95808 0 1
1928 2.95808 0 1
1929 2.95808 0 1
1930 2.95808 0 1
1931 2.95808 0 1
1932 2.95808 0 1
1933 2.95808 0 1
1934 2.95808 0 1
1935 2.95808 0 1
1936 2.95808 0 1
1937 2.95808 0 1
1938 2.95808 0 1
1939 2.95808 0 1
1940 2.95808 0 1
1941 2.95808 0 1
1942 2.95808 0 1
1943 2.95808 0 1
1944 2.95808 0 1
1945 2.95808 0 1
1946 2.95808 0 1
1947 2.95808 0 1
1948 2.95808 0 1
1949 2.95808 0 1
1950 2.95808 0 1
1951 2.95808 0 1
1952 2.95808 0 1
1953 2.95808 0 1
1954 2.95808 0 1
1955 2.95808 0 1
1956 2.95808 0 1
1957 2.95808 0 1
1958 2.95808 0 1
1959 2.95808 0 1
1960 2.95808 0 1
1961 2.95808 0 1
1962 2.95808 0 1
1963 2.95808 0 1
1964 2.95808 0 1
1965 2.95808 0 1
1966 2.95808 0 1
1967 2.95808 0 1
1968 2.95808 0 1
1969 2.95808 0 1
1970 2.95808 0 1
1971 2.95808 0 1
1972 2.95808 0 1
1973 2.95808 0 1
1974 2.95808 0 1
1975 2.95808 0 1
1976 2.95808 0 1
1977 2.95808 0 1
1978 2.95808 0 1
1979 2.95808 0 1
1980 2.95808 0 1
1981 2.95808 0 1
1982 2.95808 0 1
1983 2.95808 0 1
1984 2.95808 0 1
1985 2.95808 0 1
1986 2.95808 0 1
1987 2.95808 0 1
1988 2.95808 0 1
1989 2.95808 0 1
1990 2.95808 0 1
1991 2.95808 0 1
1992 2.95808 0 1
1993 2.95808 0 1
1994 2.95808 0 1
1995 2.95808 0 1
1996 2.95808 0 1
1997 2.95808 0 1
1998 2.95808 0 1
1999 2.95808 0 1
2000 2.95808 0 1
2001 2.95808 0 1
2002 2.95808 0 1
2003 2.95808 0 1
2004 2.95808 0 1
2005 2.95808 0 1
2006 2.95808 0 1
2007 2.95808 0 1
2008 2.95808 0 1
2009 2.95808 0 1
2010 2.95808 0 1
2011 2.95808 0 1
2012 2.95808 0 1
2013 2.95808 0 1
2014 2.95808 0 1
2015 2.95808 0 1
2016 2.95808 0 1
2017 2.95808 0 1
2018 2.95808 0 1
2019 2.95808 0 1
2020 2.95808 0 1
2021 2.95808 0 1
2022 2.95808 0 1
2023 2.95808 0 1
2024 2.95808 0 1
2025 2.95808 0 1
2026 2.95808 0 1
2027 2.95808 0 1
2028 2.95808 0 1
2029 2.95808 0 1
2030 2.95808 0 1
2031 2.95808 0 1
2032 2.95808 0 1
2033 2.95808 0 1
2034 2.95808 0 1
2035 2.95808 0 1
2036 2.95808 0 1
2037 2.95808 0 1
2038 2.95808 0 1
2039 2.95808 0 1
2040 2.95808 0 1
2041 2.95808 0 1
2042 2.95808 0 1
2043 2.95808 0 1
2044 2.95808 0 1
2045 2.95808 0 1
2046 2.95808 0 1
2047 2.95808 0 1
2048 2.95808 0 1
2049 2.95808 0 1
2050 2.95808 0 1
2051 2.95808 0 1
2052 2.95808 0 1
2053 2.95808 0 1
2054 2.95808 0 1
2055 2.95808 0 1
2056 2.95808 0 1
2057 2.95808 0 1
2058 2.95808 0 1
2059 2.95808 0 1
2060 2.95808 0 1
2061 2.95808 0 1
2062 2.95808 0 1
2063 2.95808 0 1
2064 2.95808 0 1
2065 2.95808 0 1
2066 2.95808 0 1
2067 2.95808 0 1
2068 2.95808 0 1
2069 2.95808 0 1
2070 2.95808 0 1
2071 2.95808 0 1
2072 2.95808 0 1
2073 2.95808 0 1
2074 2.95808 0 1
2075 2.95808 0 1
2076 2.95808 0 1
2077 2.95808 0 1
2078 2.95808 0 1
2079 2.95808 0 1
2080 2.95808 0 1
2081 2.95808 0 1
2082 2.95808 0 1
2083 2.95808 0 1
2084 2.95808 0 1
2085 2.95808 0 1
2086 2.95808 0 1
2087 2.95808 0 1
2088 2.95808 0 1
2089 2.95808 0 1
2090 2.95808 0 1
2091 2.95808 0 1
2092 2.95808 0 1
2093 2.95808 0 1
2094 2.95808 0 1
2095 2.95808 0 1
2096 2.95808 0 1
2097 2.95808 0 1
2098 2.95808 0 1
2099 2.95808 0 1
2100 2.95808 0 1
2101 2.95808 0 1
2102 2.95808 0 1
2103 2.95808 0 1
2104 2.95808 0 1
2105 2.95808 0 1
2106 2.95808 0 1
2107 2.95808 0 1
2108 2.95808 0 1
2109 2.95808 0 1
2110 2.95808 0 1
2111 2.95808 0 1
2112 2.95808 0 1
2113 2.95808 0 1
2114 2.95808 0 1
2115 2.95808 0 1
2116 2.95808 0 1
2117 2.95808 0 1
2118 2.95808 0 1
2119 2.95808 0 1
2120 2.95808 0 1
2121 2.95808 0 1
2122 2.95808 0 1
2123 2.95808 0 1
2124 2.95808 0 1
2125 2.95808 0 1
2126 2.95808 0 1
2127 2.95808 0 1
2128 2.95808 0 1
2129 2.95808 0 1
2130 2.95808 0 1
2131 2.95808 0 1
2132 2.95808 0 1
2133 2.95808 0 1
2134 2.95808 0 1
2135 2.95808 0 1
2136 2.95808 0 1
2137 2.95808 0 1
2138 2.95808 0 1
2139 2.95808 0 1
2140 2.95808 0 1
2141 2.95808 0 1
2142 2.95808 0 1
2143 2.95808 0 1
2144 2.95808 0 1
2145 2.95808 0 1
2146 2.95808 0 1
2147 2.95808 0 1
2148 2.95808 0 1
2149 2.95808 0 1
2150 2.95808 0 1
2151 2.95808 0 1
2152 2.95808 0 1
2153 2.95808 0 1
2154 2.95808 0 1
2155 2.95808 0 1
2156 2.95808 0 1
2157 2.95808 0 1
2158 2.95808 0 1
2159 2.95808 0 1
2160 2.95808 0 1
2161 2.95808 0 1
2162 2.95808 0 1
2163 2.95808 0 1
2164 2.95808 0 1
2165 2.95808 0 1
2166 2.95808 0 1
2167 2.95808 0 1
2168 2.95808 0 1
2169 2.95808 0 1
2170 2.95808 0 1
2171 2.95808 0 1
2172 2.95808 0 1
2173 2.95808 0 1
2174 2.95808 0 1
2175 2.95808 0 1
2176 2.95808 0 1
2177 2.95808 0 1
2178 2.95808 0 1
2179 2.95808 0 1
2180 2.95808 0 1
2181 2.95808 0 1
2182 2.95808 0 1
2183 2.95808 0 1
2184 2.95808 0 1
2185 2.95808 0 1
2186 2.95808 0 1
2187 2.95808 0 1
2188 2.95808 0 1
2189 2.95808 0 1
2190 2.95808 0 1
2191 2.95808 0 1
2192 2.95808 0 1
2193 2.95808 0 1
2194 2.95808 0 1
2195 2.95808 0 1
2196 2.95808 0 1
2197 2.95808 0 1
2198 2.95808 0 1
2199 2.95808 0 1
2200 2.95808 0 1
2201 2.95808 0 1
2202 2.95808 0 1
2203 2.95808 0 1
2204 2.95808 0 1
2205 2.95808 0 1
2206 2.95808 0 1
2207 2.95808 0 1
2208 2.95808 0 1
2209 2.95808 0 1
2210 2.95808 0 1
2211 2.95808 0 1
2212 2.95808 0 1
2213 2.95808 0 1
2214 2.95808 0 1
2215 2.95808 0 1
2216 2.95808 0 1
2217 2.95808 0 1
2218 2.95808 0 1
2219 2.95808 0 1
2220 2.95808 0 1
2221 2.95808 0 1
2222 2.95808 0 1
2223 2.95808 0 1
2224 2.95808 0 1
2225 2.95808 0 1
2226 2.95808 0 1
2227 2.95808 0 1
2228 2.95808 0 1
2229 2.95808 0 1
2230 2.95808 0 1
2231 2.95808 0 1
2232 2.95808 0 1
2233 2.95808 0 1
2234 2.95808 0 1
2235 2.95808 0 1
2236 2.95808 0 1
2237 2.95808 0 1
2238 2.95808 0 1
2239 2.95808 0 1
2240 2.95808 0 1
2241 2.95808 0 1
2242 2.95808 0 1
2243 2.95808 0 1
2244 2.95808 0 1
2245 2.95808 0 1
2246 2.95808 0 1
2247 2.95808 0 1
2248 2.95808 0 1
2249 2.95808 0 1
2250 2.95808 0 1
2251 2.95808 0 1
2252 2.95808 0 1
2253 2.95808 0 1
2254 2.95808 0 1
2255 2.95808 0 1
2256 2.95808 0 1
2257 2.95808 0 1
2258 2.95808 0 1
2259 2.95808 0 1
2260 2.95808 0 1
2261 2.95808 0 1
2262 2.95808 0 1
2263 2.95808 0 1
2264 2.95808 0 1
2265 2.95808 0 1
2266 2.95808 0 1
2267 2.95808 0 1
2268 2.95808 0 1
2269 2.95808 0 1
2270 2.95808 0 1
2271 2.95808 0 1
2272 2.95808 0 1
2273 2.95808 0 1
2274 2.95808 0 1
2275 2.95808 0 1
2276 2.95808 0 1
2277 2.95808 0 1
2278 2.95808 0 1
2279 2.95808 0 1
2280 2.95808 0 1
2281 2.95808 0 1
2282 2.95808 0 1
2283 2.95808 0 1
2284 2.95808 0 1
2285 2.95808 0 1
2286 2.95808 0 1
2287 2.95808 0 1
2288 2.95808 0 1
2289 2.95808 0 1
2290 2.95808 0 1
2291 2.95808 0 1
2292 2.95808 0 1
2293 2.95808 0 1
2294 2.95808 0 1
2295 2.95808 0 1
2296 2.95808 0 1
2297 2.95808 0 1
2298 2.95808 0 1
2299 2.95808 0 1
2300 2.95808 0 1
2301 2.95808 0 1
2302 2.95808 0 1
2303 2.95808 0 1
2304 2.95808 0 1
2305 2.95808 0 1
2306 2.95808 0 1
2307 2.95808 0 1
2308 2.95808 0 1
2309 2.95808 0 1
2310 2.95808 0 1
2311 2.95808 0 1
2312 2.95808 0 1
2313 2.95808 0 1
2314 2.95808 0 1
2315 2.95808 0 1
2316 2.95808 0 1
2317 2.95808 0 1
2318 2.95808 0 1
2319 2.95808 0 1
2320 2.95808 0 1
2321 2.95808 0 1
2322 2.95808 0 1
2323 2.95808 0 1
2324 2.95808 0 1
2325 2.95808 0 1
2326 2.95808 0 1
2327 2.95808 0 1
2328 2.95808 0 1
2329 2.95808 0 1
2330 2.95808 0 1
2331 2.95808 0 1
2332 2.95808 0 1
2333 2.95808 0 1
2334 2.95808 0 1
2335 2.95808 0 1
2336 2.95808 0 1
2337 2.95808 0 1
2338 2.95808 0 1
2339 2.95808 0 1
2340 2.95808 0 1
2341 2.95808 0 1
2342 2.95808 0 1
2343 2.95808 0 1
2344 2.95808 0 1
2345 2.95808 0 1
2346 2.95808 0 1
2347 2.95808 0 1
2348 2.95808 0 1
2349 2.95808 0 1
2350 2.95808 0 1
2351 2.95808 0 1
2352 2.95808 0 1
2353 2.95808 0 1
2354 2.95808 0 1
2355 2.95808 0 1
2356 2.95808 0 1
2357 2.95808 0 1
2358 2.95808 0 1
2359 2.95808 0 1
2360 2.95808 0 1
2361 2.95808 0 1
2362 2.95808 0 1
2363 2.95808 0 1
2364 2.95808 0 1
2365 2.95808 0 1
2366 2.95808 0 1
2367 2.95808 0 1
2368 2.95808 0 1
2369 2.95808 0 1
2370 2.95808 0 1
2371 2.95808 0 1
2372 2.95808 0 1
2373 2.95808 0 1
2374 2.95808 0 1
2375 2.95808 0 1
2376 2.95808 0 1
2377 2.95808 0 1
2378 2.95808 0 1
2379 2.95808 0 1
2380 2.95808 0 1
2381 2.95808 0 1
2382 2.95808 0 1
2383 2.95808 0 1
2384 2.95808 0 1
2385 2.95808 0 1
2386 2.95808 0 1
2387 2.95808 0 1
2388 2.95808 0 1
2389 2.95808 0 1
2390 2.95808 0 1
2391 2.95808 0 1
2392 2.95808 0 1
2393 2.95808 0 1
2394 2.95808 0 1
2395 2.95808 0 1
2396 2.95808 0 1
2397 2.95808 0 1
2398 2.95808 0 1
2399 2.95808 0 1
2400 2.95808 0 1
2401 2.95808 0 1
2402 2.95808 0 1
2403 2.95808 0 1
2404 2.95808 0 1
2405 2.95808 0 1
2406 2.95808 0 1
2407 2.95808 0 1
2408 2.95808 0 1
2409 2.95808 0 1
2410 2.95808 0 1
2411 2.95808 0 1
2412 2.95808 0 1
2413 2.95808 0 1
2414 2.95808 0 1
2415 2.95808 0 1
2416 2.95808 0 1
2417 2.95808 0 1
2418 2.95808 0 1
2419 2.95808 0 1
2420 2.95808 0 1
2421 2.95808 0 1
2422 2.95808 0 1
2423 2.95808 0 1
2424 2.95808 0 1
2425 2.95808 0 1
2426 2.95808 0 1
2427 2.95808 0 1
2428 2.95808 0 1
2429 2.95808 0 1
2430 2.95808 0 1
2431 2.95808 0 1
2432 2.95808 0 1
2433 2.95808 0 1
2434 2.95808 0 1
2435 2.95808 0 1
2436 2.95808 0 1
2437 2.95808 0 1
2438 2.95808 0 1
2439 2.95808 0 1
2440 2.95808 0 1
2441 2.95808 0 1
2442 2.95808 0 1
2443 2.95808 0 1
2444 2.95808 0 1
2445 2.95808 0 1
2446 2.95808 0 1
2447 2.95808 0 1
2448 2.95808 0 1
2449 2.95808 0 1
2450 2.95808 0 1
2451 2.95808 0 1
2452 2.95808 0 1
2453 2.95808 0 1
2454 2.95808 0 1
2455 2.95808 0 1
2456 2.95808 0 1
2457 2.95808 0 1
2458 2.95808 0 1
2459 2.95808 0 1
2460 2.95808 0 1
2461 2.95808 0 1
2462 2.95808 0 1
2463 2.95808 0 1
2464 2.95808 0 1
2465 2.95808 0 1
2466 2.95808 0 1
2467 2.95808 0 1
2468 2.95808 0 1
2469 2.95808 0 1
2470 2.95808 0 1
2471 2.95808 0 1
2472 2.95808 0 1
2473 2.95808 0 1
2474 2.95808 0 1
2475 2.95808 0 1
2476 2.95808 0 1
2477 2.95808 0 1
2478 2.95808 0 1
2479 2.95808 0 1
2480 2.95808 0 1
2481 2.95808 0 1
2482 2.95808 0 1
2483 2.95808 0 1
2484 2.95808 0 1
2485 2.95808 0 1
2486 2.95808 0 1
2487 2.95808 0 1
2488 2.95808 0 1
2489 2.95808 0 1
2490 2.95808 0 1
2491 2.95808 0 1
2492 2.95808 0 1
2493 2.95808 0 1
2494 2.95808 0 1
2495 2.95808 0 1
2496 2.95808 0 1
2497 2.95808 0 1
2498 2.95808 0 1
2499 2.95808 0 1
2500 2.95808 0 1
2501 2.95808 0 1
2502 2.95808 0 1
2503 2.95808 0 1
2504 2.95808 0 1
2505 2.95808 0 1
2506 2.95808 0 1
2507 2.95808 0 1
2508 2.95808 0 1
2509 2.95808 0 1
2510 2.95808 0 1
2511 2.95808 0 1
2512 2.95808 0 1
2513 2.95808 0 1
2514 2.95808 0 1
2515 2.95808 0 1
2516 2.95808 0 1
2517 2.95808 0 1
2518 2.95808 0 1
2519 2.95808 0 1
2520 2.95808 0 1
2521 2.95808 0 1
2522 2.95808 0 1
2523 2.95808 0 1
2524 2.95808 0 1
2525 2.95808 0 1
2526 2.95808 0 1
2527 2.95808 0 1
2528 2.95808 0 1
2529 2.95808 0 1
2530 2.95808 0 1
2531 2.95808 0 1
2532 2.95808 0 1
2533 2.95808 0 1
2534 2.95808 0 1
2535 2.95808 0 1
2536 2.95808 0 1
2537 2.95808 0 1
2538 2.95808 0 1
2539 2.95808 0 1
2540 2.95808 0 1
2541 2.95808 0 1
2542 2.95808 0 1
2543 2.95808 0 1
2544 2.95808 0 1
2545 2.95808 0 1
2546 2.95808 0 1
2547 2.95808 0 1
2548 2.95808 0 1
2549 2.95808 0 1
2550 2.95808 0 1
2551 2.95808 0 1
2552 2.95808 0 1
2553 2.95808 0 1
2554 2.95808 0 1
2555 2.95808 0 1
2556 2.95808 0 1
2557 2.95808 0 1
2558 2.95808 0 1
2559 2.95808 0 1
2560 2.95808 0 1
2561 2.95808 0 1
2562 2.95808 0 1
2563 2.95808 0 1
2564 2.95808 0 1
2565 2.95808 0 1
2566 2.95808 0 1
2567 2.95808 0 1
2568 2.95808 0 1
2569 2.95808 0 1
2570 2.95808 0 1
2571 2.95808 0 1
2572 2.95808 0 1
2573 2.95808 0 1
2574 2.95808 0 1
2575 2.95808 0 1
2576 2.95808 0 1
2577 2.95808 0 1
2578 2.95808 0 1
2579 2.95808 0 1
2580 2.95808 0 1
2581 2.95808 0 1
2582 2.95808 0 1
2583 2.95808 0 1
2584 2.95808 0 1
2585 2.95808 0 1
2586 2.95808 0 1
2587 2.95808 0 1
2588 2.95808 0 1
2589 2.95808 0 1
2590 2.95808 0 1
2591 2.95808 0 1
2592 2.95808 0 1
2593 2.95808 0 1
2594 2.95808 0 1
2595 2.95808 0 1
2596 2.95808 0 1
2597 2.95808 0 1
2598 2.95808 0 1
2599 2.95808 0 1
2600 2.95808 0 1
2601 2.95808 0 1
2602 2.95808 0 1
2603 2.95808 0 1
2604 2.95808 0 1
2605 2.95808 0 1
2606 2.95808 0 1
2607 2.95808 0 1
2608 2.95808 0 1
2609 2.95808 0 1
2610 2.95808 0 1
2611 2.95808 0 1
2612 2.95808 0 1
2613 2.95808 0 1
2614 2.95808 0 1
2615 2.95808 0 1
2616 2.95808 0 1
2617 2.95808 0 1
2618 2.95808 0 1
2619 2.95808 0 1
2620 2.95808 0 1
2621 2.95808 0 1
2622 2.95808 0 1
2623 2.95808 0 1
2624 2.95808 0 1
2625 2.95808 0 1
2626 2.95808 0 1
2627 2.95808 0 1
2628 2.95808 0 1
2629 2.95808 0 1
2630 2.95808 0 1
2631 2.95808 0 1
2632 2.95808 0 1
2633 2.95808 0 1
2634 2.95808 0 1
2635 2.95808 0 1
2636 2.95808 0 1
2637 2.95808 0 1
2638 2.95808 0 1
2639 2.95808 0 1
2640 2.95808 0 1
2641 2.95808 0 1
2642 2.95808 0 1
2643 2.95808 0 1
2644 2.95808 0 1
2645 2.95808 0 1
2646 2.95808 0 1
2647 2.95808 0 1
2648 2.95808 0 1
2649 2.95808 0 1
2650 2.95808 0 1
2651 2.95808 0 1
2652 2.95808 0 1
2653 2.95808 0 1
2654 2.95808 0 1
2655 2.95808 0 1
2656 2.95808 0 1
2657 2.95808 0 1
2658 2.95808 0 1
2659 2.95808 0 1
2660 2.95808 0 1
2661 2.95808 0 1
2662 2.95808 0 1
2663 2.95808 0 1
2664 2.95808 0 1
2665 2.95808 0 1
2666 2.95808 0 1
2667 2.95808 0 1
2668 2.95808 0 1
2669 2.95808 0 1
2670 2.95808 0 1
2671 2.95808 0 1
2672 2.95808 0 1
2673 2.95808 0 1
2674 2.95808 0 1
2675 2.95808 0 1
2676 2.95808 0 1
2677 2.95808 0 1
2678 2.95808 0 1
2679 2.95808 0 1
2680 2.95808 0 1
2681 2.95808 0 1
2682 2.95808 0 1
2683 2.95808 0 1
2684 2.95808 0 1
2685 2.95808 0 1
2686 2.95808 0 1
2687 2.95808 0 1
2688 2.95808 0 1
2689 2.95808 0 1
2690 2.95808 0 1
2691 2.95808 0 1
2692 2.95808 0 1
2693 2.95808 0 1
2694 2.95808 0 1
2695 2.95808 0 1
2696 2.95808 0 1
2697 2.95808 0 1
2698 2.95808 0 1
2699 2.95808 0 1
2700 2.95808 0 1
2701 2.95808 0 1
2702 2.95808 0 1
2703 2.95808 0 1
2704 2.95808 0 1
2705 2.95808 0 1
2706 2.95808 0 1
2707 2.95808 0 1
2708 2.95808 0 1
2709 2.95808 0 1
2710 2.95808 0 1
2711 2.95808 0 1
2712 2.95808 0 1
2713 2.95808 0 1
2714 2.95808 0 1
2715 2.95808 0 1
2716 2.95808 0 1
2717 2.95808 0 1
2718 2.95808 0 1
2719 2.95808 0 1
2720 2.95808 0 1
2721 2.95808 0 1
2722 2.95808 0 1
2723 2.95808 0 1
2724 2.95808 0 1
2725 2.95808 0 1
2726 2.95808 0 1
2727 2.95808 0 1
2728 2.95808 0 1
2729 2.95808 0 1
2730 2.95808 0 1
2731 2.95808 0 1
2732 2.95808 0 1
2733 2.95808 0 1
2734 2.95808 0 1
2735 2.95808 0 1
2736 2.95808 0 1
2737 2.95808 0 1
2738 2.95808 0 1
2739 2.95808 0 1
2740 2.95808 0 1
2741 2.95808 0 1
2742 2.95808 0 1
2743 2.95808 0 1
2744 2.95808 0 1
2745 2.95808 0 1
2746 2.95808 0 1
2747 2.95808 0 1
2748 2.95808 0 1
2749 2.95808 0 1
2750 2.95808 0 1
2751 2.95808 0 1
2752 2.95808 0 1
2753 2.95808 0 1
2754 2.95808 0 1
2755 2.95808 0 1
2756 2.95808 0 1
2757 2.95808 0 1
2758 2.95808 0 1
2759 2.95808 0 1
2760 2.95808 0 1
2761 2.95808 0 1
2762 2.95808 0 1
2763 2.95808 0 1
2764 2.95808 0 1
2765 2.95808 0 1
2766 2.95808 0 1
2767 2.95808 0 1
2768 2.95808 0 1
2769 2.95808 0 1
2770 2.95808 0 1
2771 2.95808 0 1
2772 2.95808 0 1
2773 2.95808 0 1
2774 2.95808 0 1
2775 2.95808 0 1
2776 2.95808 0 1
2777 2.95808 0 1
2778 2.95808 0 1
2779 2.95808 0 1
2780 2.95808 0 1
2781 2.95808 0 1
2782 2.95808 0 1
2783 2.95808 0 1
2784 2.95808 0 1
2785 2.95808 0 1
2786 2.95808 0 1
2787 2.95808 0 1
2788 2.95808 0 1
2789 2.95808 0 1
2790 2.95808 0 1
2791 2.95808 0 1
2792 2.95808 0 1
2793 2.95808 0 1
2794 2.95808 0 1
2795 2.95808 0 1
2796 2.95808 0 1
2797 2.95808 0 1
2798 2.95808 0 1
2799 2.95808 0 1
2800 2.95808 0 1
2801 2.95808 0 1
2802 2.95808 0 1
2803 2.95808 0 1
2804 2.95808 0 1
2805 2.95808 0 1
2806 2.95808 0 1
2807 2.95808 0 1
2808 2.95808 0 1
2809 2.95808 0 1
2810 2.95808 0 1
2811 2.95808 0 1
2812 2.95808 0 1
2813 2.95808 0 1
2814 2.95808 0 1
2815 2.95808 0 1
2816 2.95808 0 1
2817 2.95808 0 1
2818 2.95808 0 1
2819 2.95808 0 1
2820 2.95808 0 1
2821 2.95808 0 1
2822 2.95808 0 1
2823 2.95808 0 1
2824 2.95808 0 1
2825 2.95808 0 1
2826 2.95808 0 1
2827 2.95808 0 1
2828 2.95808 0 1
2829 2.95808 0 1
2830 2.95808 0 1
2831 2.95808 0 1
2832 2.95808 0 1
2833 2.95808 0 1
2834 2.95808 0 1
2835 2.95808 0 1
2836 2.95808 0 1
2837 2.95808 0 1
2838 2.95808 0 1
2839 2.95808 0 1
2840 2.95808 0 1
2841 2.95808 0 1
2842 2.95808 0 1
2843 2.95808 0 1
2844 2.95808 0 1
2845 2.95808 0 1
2846 2.95808 0 1
2847 2.95808 0 1
2848 2.95808 0 1
2849 2.95808 0 1
2850 2.95808 0 1
2851 2.95808 0 1
2852 2.95808 0 1
2853 2.95808 0 1
2854 2.95808 0 1
2855 2.95808 0 1
2856 2.95808 0 1
2857 2.95808 0 1
2858 2.95808 0 1
2859 2.95808 0 1
2860 2.95808 0 1
2861 2.95808 0 1
2862 2.95808 0 1
2863 2.95808 0 1
2864 2.95808 0 1
2865 2.95808 0 1
2866 2.95808 0 1
2867 2.95808 0 1
2868 2.95808 0 1
2869 2.95808 0 1
2870 2.95808 0 1
2871 2.95808 0 1
2872 2.95808 0 1
2873 2.95808 0 1
2874 2.95808 0 1
2875 2.95808 0 1
2876 2.95808 0 1
2877 2.95808 0 1
2878 2.95808 0 1
2879 2.95808 0 1
2880 2.95808 0 1
2881 2.95808 0 1
2882 2.95808 0 1
2883 2.95808 0 1
2884 2.95808 0 1
2885 2.95808 0 1
2886 2.95808 0 1
2887 2.95808 0 1
2888 2.95808 0 1
2889 2.95808 0 1
2890 2.95808 0 1
2891 2.95808 0 1
2892 2.95808 0 1
2893 2.95808 0 1
2894 2.95808 0 1
2895 2.95808 0 1
2896 2.95808 0 1
2897 2.95808 0 1
2898 2.95808 0 1
2899 2.95808 0 1
2900 2.95808 0 1
2901 2.95808 0 1
2902 2.95808 0 1
2903 2.95808 0 1
2904 2.95808 0 1
2905 2.95808 0 1
2906 2.95808 0 1
2907 2.95808 0 1
2908 2.95808 0 1
2909 2.95808 0 1
2910 2.95808 0 1
2911 2.95808 0 1
2912 2.95808 0 1
2913 2.95808 0 1
2914 2.95808 0 1
2915 2.95808 0 1
2916 2.95808 0 1
2917 2.95808 0 1
2918 2.95808 0 1
2919 2.95808 0 1
2920 2.95808 0 1
2921 2.95808 0 1
2922 2.95808 0 1
2923 2.95808 0 1
2924 2.95808 0 1
2925 2.95808 0 1
2926 2.95808 0 1
2927 2.95808 0 1
2928 2.95808 0 1
2929 2.95808 0 1
2930 2.95808 0 1
2931 2.95808 0 1
2932 2.95808 0 1
2933 2.95808 0 1
2934 2.95808 0 1
2935 2.95808 0 1
2936 2.95808 0 1
2937 2.95808 0 1
2938 2.95808 0 1
2939 2.95808 0 1
2940 2.95808 0 1
2941 2.95808 0 1
2942 2.95808 0 1
2943 2.95808 0 1
2944 2.95808 0 1
2945 2.95808 0 1
2946 2.95808 0 1
2947 2.95808 0 1
2948 2.95808 0 1
2949 2.95808 0 1
2950 2.95808 0 1
2951 2.95808 0 1
2952 2.95808 0 1
2953 2.95808 0 1
2954 2.95808 0 1
2955 2.95808 0 1
2956 2.95808 0 1
2957 2.95808 0 1
2958 2.95808 0 1
2959 2.95808 0 1
2960 2.95808 0 1
2961 2.95808 0 1
2962 2.95808 0 1
2963 2.95808 0 1
2964 2.95808 0 1
2965 2.95808 0 1
2966 2.95808 0 1
2967 2.95808 0 1
2968 2.95808 0 1
2969 2.95808 0 1
2970 2.95808 0 1
2971 2.95808 0 1
2972 2.95808 0 1
2973 2.95808 0 1
2974 2.95808 0 1
2975 2.95808 0 1
2976 2.95808 0 1
2977 2.95808 0 1
2978 2.95808 0 1
2979 2.95808 0 1
2980 2.95808 0 1
2981 2.95808 0 1
2982 2.95808 0 1
2983 2.95808 0 1
2984 2.95808 0 1
2985 2.95808 0 1
2986 2.95808 0 1
2987 2.95808 0 1
2988 2.95808 0 1
2989 2.95808 0 1
2990 2.95808 0 1
2991 2.95808 0 1
2992 2.95808 0 1
2993 2.95808 0 1
2994 2.95808 0 1
2995 2.95808 0 1
2996 2.95808 0 1
2997 2.95808 0 1
2998 2.95808 0 1
2999 2.95808 0 1
3000 2.95808 0 1
3001 2.95808 0 1
3002 2.95808 0 1
3003 2.95808 0 1
3004 2.95808 0 1
3005 2.95808 0 1
3006 2.95808 0 1
3007 2.95808 0 1
3008 2.95808 0 1
3009 2.95808 0 1
3010 2.95808 0 1
3011 2.95808 0 1
3012 2.95808 0 1
3013 2.95808 0 1
3014 2.95808 0 1
3015 2.95808 0 1
3016 2.95808 0 1
3017 2.95808 0 1
3018 2.95808 0 1
3019 2.95808 0 1
3020 2.95808 0 1
3021 2.95808 0 1
3022 2.95808 0 1
3023 2.95808 0 1
3024 2.95808 0 1
3025 2.95808 0 1
3026 2.95808 0 1
3027 2.95808 0 1
3028 2.95808 0 1
3029 2.95808 0 1
3030 2.95808 0 1
3031 2.95808 0 1
3032 2.95808 0 1
3033 2.95808 0 1
3034 2.95808 0 1
3035 2.95808 0 1
3036 2.95808 0 1
3037 2.95808 0 1
3038 2.95808 0 1
3039 2.95808 0 1
3040 2.95808 0 1
3041 2.95808 0 1
3042 2.95808 0 1
3043 2.95808 0 1
3044 2.95808 0 1
3045 2.95808 0 1
3046 2.95808 0 1
3047 2.95808 0 1
3048 2.95808 0 1
3049 2.95808 0 1
3050 2.95808 0 1
3051 2.95808 0 1
3052 2.95808 0 1
3053 2.95808 0 1
3054 2.95808 0 1
3055 2.95808 0 1
3056 2.95808 0 1
3057 2.95808 0 1
3058 2.95808 0 1
3059 2.95808 0 1
3060 2.95808 0 1
3061 2.95808 0 1
3062 2.95808 0 1
3063 2.95808 0 1
3064 2.95808 0 1
3065 2.95808 0 1
3066 2.95808 0 1
3067 2.95808 0 1
3068 2.95808 0 1
3069 2.95808 0 1
3070 2.95808 0 1
3071 2.95808 0 1
3072 2.95808 0 1
3073 2.95808 0 1
3074 2.95808 0 1
3075 2.95808 0 1
3076 2.95808 0 1
3077 2.95808 0 1
3078 2.95808 0 1
3079 2.95808 0 1
3080 2.95808 0 1
3081 2.95808 0 1
3082 2.95808 0 1
3083 2.95808 0 1
3084 2.95808 0 1
3085 2.95808 0 1
3086 2.95808 0 1
3087 2.95808 0 1
3088 2.95808 0 1
3089 2.95808 0 1
3090 2.95808 0 1
3091 2.95808 0 1
3092 2.95808 0 1
3093 2.95808 0 1
3094 2.95808 0 1
3095 2.95808 0 1
3096 2.95808 0 1
3097 2.95808 0 1
3098 2.95808 0 1
3099 2.95808 0 1
3100 2.95808 0 1
3101 2.95808 0 1
3102 2.95808 0 1
3103 2.95808 0 1
3104 2.95808 0 1
3105 2.95808 0 1
3106 2.95808 0 1
3107 2.95808 0 1
3108 2.95808 0 1
3109 2.95808 0 1
3110 2.95808 0 1
3111 2.95808 0 1
3112 2.95808 0 1
3113 2.95808 0 1
3114 2.95808 0 1
3115 2.95808 0 1
3116 2.95808 0 1
3117 2.95808 0 1
3118 2.95808 0 1
3119 2.95808 0 1
3120 2.95808 0 1
3121 2.95808 0 1
3122 2.95808 0 1
3123 2.95808 0 1
3124 2.95808 0 1
3125 2.95808 0 1
3126 2.95808 0 1
3127 2.95808 0 1
3128 2.95808 0 1
3129 2.95808 0 1
3130 2.95808 0 1
3131 2.95808 0 1
3132 2.95808 0 1
3133 2.95808 0 1
3134 2.95808 0 1
3135 2.95808 0 1
3136 2.95808 0 1
3137 2.95808 0 1
3138 2.95808 0 1
3139 2.95808 0 1
3140 2.95808 0 1
3141 2.95808 0 1
3142 2.95808 0 1
3143 2.95808 0 1
3144 2.95808 0 1
3145 2.95808 0 1
3146 2.95808 0 1
3147 2.95808 0 1
3148 2.95808 0 1
3149 2.95808 0 1
3150 2.95808 0 1
3151 2.95808 0 1
3152 2.95808 0 1
3153 2.95808 0 1
3154 2.95808 0 1
3155 2.95808 0 1
3156 2.95808 0 1
3157 2.95808 0 1
3158 2.95808 0 1
3159 2.95808 0 1
3160 2.95808 0 1
3161 2.95808 0 1
3162 2.95808 0 1
3163 2.95808 0 1
3164 2.95808 0 1
3165 2.95808 0 1
3166 2.95808 0 1
3167 2.95808 0 1
3168 2.95808 0 1
3169 2.95808 0 1
3170 2.95808 0 1
3171 2.95808 0 1
3172 2.95808 0 1
3173 2.95808 0 1
3174 2.95808 0 1
3175 2.95808 0 1
3176 2.95808 0 1
3177 2.95808 0 1
3178 2.95808 0 1
3179 2.95808 0 1
3180 2.95808 0 1
3181 2.95808 0 1
3182 2.95808 0 1
3183 2.95808 0 1
3184 2.95808 0 1
3185 2.95808 0 1
3186 2.95808 0 1
3187 2.95808 0 1
3188 2.95808 0 1
3189 2.95808 0 1
3190 2.95808 0 1
3191 2.95808 0 1
3192 2.95808 0 1
3193 2.95808 0 1
3194 2.95808 0 1
3195 2.95808 0 1
3196 2.95808 0 1
3197 2.95808 0 1
3198 2.95808 0 1
3199 2.95808 0 1
3200 2.95808 0 1
3201 2.95808 0 1
3202 2.95808 0 1
3203 2.95808 0 1
3204 2.95808 0 1
3205 2.95808 0 1
3206 2.95808 0 1
3207 2.95808 0 1
3208 2.95808 0 1
3209 2.95808 0 1
3210 2.95808 0 1
3211 2.95808 0 1
3212 2.95808 0 1
3213 2.95808 0 1
3214 2.95808 0 1
3215 2.95808 0 1
3216 2.95808 0 1
3217 2.95808 0 1
3218 2.95808 0 1
3219 2.95808 0 1
3220 2.95808 0 1
3221 2.95808 0 1
3222 2.95808 0 1
3223 2.95808 0 1
3224 2.95808 0 1
3225 2.95808 0 1
3226 2.95808 0 1
3227 2.95808 0 1
3228 2.95808 0 1
3229 2.95808 0 1
3230 2.95808 0 1
3231 2.95808 0 1
3232 2.95808 0 1
3233 2.95808 0 1
3234 2.95808 0 1
3235 2.95808 0 1
3236 2.95808 0 1
3237 2.95808 0 1
3238 2.95808 0 1
3239 2.95808 0 1
3240 2.95808 0 1
3241 2.95808 0 1
3242 2.95808 0 1
3243 2.95808 0 1
3244 2.95808 0 1
3245 2.95808 0 1
3246 2.95808 0 1
3247 2.95808 0 1
3248 2.95808 0 1
3249 2.95808 0 1
3250 2.95808 0 1
3251 2.95808 0 1
3252 2.95808 0 1
3253 2.95808 0 1
3254 2.95808 0 1
3255 2.95808 0 1
3256 2.95808 0 1
3257 2.95808 0 1
3258 2.95808 0 1
3259 2.95808 0 1
3260 2.95808 0 1
3261 2.95808 0 1
3262 2.95808 0 1
3263 2.95808 0 1
3264 2.95808 0 1
3265 2.95808 0 1
3266 2.95808 0 1
3267 2.95808 0 1
3268 2.95808 0 1
3269 2.95808 0 1
3270 2.95808 0 1
3271 2.95808 0 1
3272 2.95808 0 1
3273 2.95808 0 1
3274 2.95808 0 1
3275 2.95808 0 1
3276 2.95808 0 1
3277 2.95808 0 1
3278 2.95808 0 1
3279 2.95808 0 1
3280 2.95808 0 1
3281 2.95808 0 1
3282 2.95808 0 1
3283 2.95808 0 1
3284 2.95808 0 1
3285 2.95808 0 1
3286 2.95808 0 1
3287 2.95808 0 1
3288 2.95808 0 1
3289 2.95808 0 1
3290 2.95808 0 1
3291 2.95808 0 1
3292 2.95808 0 1
3293 2.95808 0 1
3294 2.95808 0 1
3295 2.95808 0 1
3296 2.95808 0 1
3297 2.95808 0 1
3298 2.95808 0 1
3299 2.95808 0 1
3300 2.95808 0 1
3301 2.95808 0 1
3302 2.95808 0 1
3303 2.95808 0 1
3304 2.95808 0 1
3305 2.95808 0 1
3306 2.95808 0 1
3307 2.95808 0 1
3308 2.95808 0 1
3309 2.95808 0 1
3310 2.95808 0 1
3311 2.95808 0 1
3312 2.95808 0 1
3313 2.95808 0 1
3314 2.95808 0 1
3315 2.95808 0 1
3316 2.95808 0 1
3317 2.95808 0 1
3318 2.95808 0 1
3319 2.95808 0 1
3320 2.95808 0 1
3321 2.95808 0 1
3322 2.95808 0 1
3323 2.95808 0 1
3324 2.95808 0 1
3325 2.95808 0 1
3326 2.95808 0 1
3327 2.95808 0 1
3328 2.95808 0 1
3329 2.95808 0 1
3330 2.95808 0 1
3331 2.95808 0 1
3332 2.95808 0 1
3333 2.95808 0 1
3334 2.95808 0 1
3335 2.95808 0 1
3336 2.95808 0 1
3337 2.95808 0 1
3338 2.95808 0 1
3339 2.95808 0 1
3340 2.95808 0 1
3341 2.95808 0 1
3342 2.95808 0 1
3343 2.95808 0 1
3344 2.95808 0 1
3345 2.95808 0 1
3346 2.95808 0 1
3347 2.95808 0 1
3348 2.95808 0 1
3349 2.95808 0 1
3350 2.95808 0 1
3351 2.95808 0 1
3352 2.95808 0 1
3353 2.95808 0 1
3354 2.95808 0 1
3355 2.95808 0 1
3356 2.95808 0 1
3357 2.95808 0 1
3358 2.95808 0 1
3359 2.95808 0 1
3360 2.95808 0 1
3361 2.95808 0 1
3362 2.95808 0 1
3363 2.95808 0 1
3364 2.95808 0 1
3365 2.95808 0 1
3366 2.95808 0 1
3367 2.95808 0 1
3368 2.95808 0 1
3369 2.95808 0 1
3370 2.95808 0 1
3371 2.95808 0 1
3372 2.95808 0 1
3373 2.95808 0 1
3374 2.95808 0 1
3375 2.95808 0 1
3376 2.95808 0 1
3377 2.95808 0 1
3378 2.95808 0 1
3379 2.95808 0 1
3380 2.95808 0 1
3381 2.95808 0 1
3382 2.95808 0 1
3383 2.95808 0 1
3384 2.95808 0 1
3385 2.95808 0 1
3386 2.95808 0 1
3387 2.95808 0 1
3388 2.95808 0 1
3389 2.95808 0 1
3390 2.95808 0 1
3391 2.95808 0 1
3392 2.95808 0 1
3393 2.95808 0 1
3394 2.95808 0 1
3395 2.95808 0 1
3396 2.95808 0 1
3397 2.95808 0 1
3398 2.95808 0 1
3399 2.95808 0 1
3400 2.95808 0 1
3401 2.95808 0 1
3402 2.95808 0 1
3403 2.95808 0 1
3404 2.95808 0 1
3405 2.95808 0 1
3406 2.95808 0 1
3407 2.95808 0 1
3408 2.95808 0 1
3409 2.95808 0 1
3410 2.95808 0 1
3411 2.95808 0 1
3412 2.95808 0 1
3413 2.95808 0 1
3414 2.95808 0 1
3415 2.95808 0 1
3416 2.95808 0 1
3417 2.95808 0 1
3418 2.95808 0 1
3419 2.95808 0 1
3420 2.95808 0 1
3421 2.95808 0 1
3422 2.95808 0 1
3423 2.95808 0 1
3424 2.95808 0 1
3425 2.95808 0 1
3426 2.95808 0 1
3427 2.95808 0 1
3428 2.95808 0 1
3429 2.95808 0 1
3430 2.95808 0 1
3431 2.95808 0 1
3432 2.95808 0 1
3433 2.95808 0 1
3434 2.95808 0 1
3435 2.95808 0 1
3436 2.95808 0 1
3437 2.95808 0 1
3438 2.95808 0 1
3439 2.95808 0 1
3440 2.95808 0 1
3441 2.95808 0 1
3442 2.95808 0 1
3443 2.95808 0 1
3444 2.95808 0 1
3445 2.95808 0 1
3446 2.95808 0 1
3447 2.95808 0 1
3448 2.95808 0 1
3449 2.95808 0 1
3450 2.95808 0 1
3451 2.95808 0 1
3452 2.95808 0 1
3453 2.95808 0 1
3454 2.95808 0 1
3455 2.95808 0 1
3456 2.95808 0 1
3457 2.95808 0 1
3458 2.95808 0 1
3459 2.95808 0 1
3460 2.95808 0 1
3461 2.95808 0 1
3462 2.95808 0 1
3463 2.95808 0 1
3464 2.95808 0 1
3465 2.95808 0 1
3466 2.95808 0 1
3467 2.95808 0 1
3468 2.95808 0 1
3469 2.95808 0 1
3470 2.95808 0 1
3471 2.95808 0 1
3472 2.95808 0 1
3473 2.95808 0 1
3474 2.95808 0 1
3475 2.95808 0 1
3476 2.95808 0 1
3477 2.95808 0 1
3478 2.95808 0 1
3479 2.95808 0 1
3480 2.95808 0 1
3481 2.95808 0 1
3482 2.95808 0 1
3483 2.95808 0 1
3484 2.95808 0 1
3485 2.95808 0 1
3486 2.95808 0 1
3487 2.95808 0 1
3488 2.95808 0 1
3489 2.95808 0 1
3490 2.95808 0 1
3491 2.95808 0 1
3492 2.95808 0 1
3493 2.95808 0 1
3494 2.95808 0 1
3495 2.95808 0 1
3496 2.95808 0 1
3497 2.95808 0 1
3498 2.95808 0 1
3499 2.95808 0 1
3500 2.95808 0 1
3501 2.95808 0 1
3502 2.95808 0 1
3503 2.95808 0 1
3504 2.95808 0 1
3505 2.95808 0 1
3506 2.95808 0 1
3507 2.95808 0 1
3508 2.95808 0 1
3509 2.95808 0 1
3510 2.95808 0 1
3511 2.95808 0 1
3512 2.95808 0 1
3513 2.95808 0 1
3514 2.95808 0 1
3515 2.95808 0 1
3516 2.95808 0 1
3517 2.95808 0 1
3518 2.95808 0 1
3519 2.95808 0 1
3520 2.95808 0 1
3521 2.95808 0 1
3522 2.95808 0 1
3523 2.95808 0 1
3524 2.95808 0 1
3525 2.95808 0 1
3526 2.95808 0 1
3527 2.95808 0 1
3528 2.95808 0 1
3529 2.95808 0 1
3530 2.95808 0 1
3531 2.95808 0 1
3532 2.95808 0 1
3533 2.95808 0 1
3534 2.95808 0 1
3535 2.95808 0 1
3536 2.95808 0 1
3537 2.95808 0 1
3538 2.95808 0 1
3539 2.95808 0 1
3540 2.95808 0 1
3541 2.95808 0 1
3542 2.95808 0 1
3543 2.95808 0 1
3544 2.95808 0 1
3545 2.95808 0 1
3546 2.95808 0 1
3547 2.95808 0 1
3548 2.95808 0 1
3549 2.95808 0 1
3550 2.95808 0 1
3551 2.95808 0 1
3552 2.95808 0 1
3553 2.95808 0 1
3554 2.95808 0 1
3555 2.95808 0 1
3556 2.95808 0 1
3557 2.95808 0 1
3558 2.95808 0 1
3559 2.95808 0 1
3560 2.95808 0 1
3561 2.95808 0 1
3562 2.95808 0 1
3563 2.95808 0 1
3564 2.95808 0 1
3565 2.95808 0 1
3566 2.95808 0 1
3567 2.95808 0 1
3568 2.95808 0 1
3569 2.95808 0 1
3570 2.95808 0 1
3571 2.95808 0 1
3572 2.95808 0 1
3573 2.95808 0 1
3574 2.95808 0 1
3575 2.95808 0 1
3576 2.95808 0 1
3577 2.95808 0 1
3578 2.95808 0 1
3579 2.95808 0 1
3580 2.95808 0 1
3581 2.95808 0 1
3582 2.95808 0 1
3583 2.95808 0 1
3584 2.95808 0 1
3585 2.95808 0 1
3586 2.95808 0 1
3587 2.95808 0 1
3588 2.95808 0 1
3589 2.95808 0 1
3590 2.95808 0 1
3591 2.95808 0 1
3592 2.95808 0 1
3593 2.95808 0 1
3594 2.95808 0 1
3595 2.95808 0 1
3596 2.95808 0 1
3597 2.95808 0 1
3598 2.95808 0 1
3599 2.95808 0 1
3600 2.95808 0 1
3601 2.95808 0 1
3602 2.95808 0 1
3603 2.95808 0 1
3604 2.95808 0 1
3605 2.95808 0 1
3606 2.95808 0 1
3607 2.95808 0 1
3608 2.95808 0 1
3609 2.95808 0 1
3610 2.95808 0 1
3611 2.95808 0 1
3612 2.95808 0 1
3613 2.95808 0 1
3614 2.95808 0 1
3615 2.95808 0 1
3616 2.95808 0 1
3617 2.95808 0 1
3618 2.95808 0 1
3619 2.95808 0 1
3620 2.95808 0 1
3621 2.95808 0 1
3622 2.95808 0 1
3623 2.95808 0 1
3624 2.95808 0 1
3625 2.95808 0 1
3626 2.95808 0 1
3627 2.95808 0 1
3628 2.95808 0 1
3629 2.95808 0 1
3630 2.95808 0 1
3631 2.95808 0 1
3632 2.95808 0 1
3633 2.95808 0 1
3634 2.95808 0 1
3635 2.95808 0 1
3636 2.95808 0 1
3637 2.95808 0 1
3638 2.95808 0 1
3639 2.95808 0 1
3640 2.95808 0 1
3641 2.95808 0 1
3642 2.95808 0 1
3643 2.95808 0 1
3644 2.95808 0 1
3645 2.95808 0 1
3646 2.95808 0 1
3647 2.95808 0 1
3648 2.95808 0 1
3649 2.95808 0 1
3650 2.95808 0 1
3651 2.95808 0 1
3652 2.95808 0 1
3653 2.95808 0 1
3654 2.95808 0 1
3655 2.95808 0 1
3656 2.95808 0 1
3657 2.95808 0 1
3658 2.95808 0 1
3659 2.95808 0 1
3660 2.95808 0 1
3661 2.95808 0 1
3662 2.95808 0 1
3663 2.95808 0 1
3664 2.95808 0 1
3665 2.95808 0 1
3666 2.95808 0 1
3667 2.95808 0 1
3668 2.95808 0 1
3669 2.95808 0 1
3670 2.95808 0 1
3671 2.95808 0 1
3672 2.95808 0 1
3673 2.95808 0 1
3674 2.95808 0 1
3675 2.95808 0 1
3676 2.95808 0 1
3677 2.95808 0 1
3678 2.95808 0 1
3679 2.95808 0 1
3680 2.95808 0 1
3681 2.95808 0 1
3682 2.95808 0 1
3683 2.95808 0 1
3684 2.95808 0 1
3685 2.95808 0 1
3686 2.95808 0 1
3687 2.95808 0 1
3688 2.95808 0 1
3689 2.95808 0 1
3690 2.95808 0 1
3691 2.95808 0 1
3692 2.95808 0 1
3693 2.95808 0 1
3694 2.95808 0 1
3695 2.95808 0 1
3696 2.95808 0 1
3697 2.95808 0 1
3698 2.95808 0 1
3699 2.95808 0 1
3700 2.95808 0 1
3701 2.95808 0 1
3702 2.95808 0 1
3703 2.95808 0 1
3704 2.95808 0 1
3705 2.95808 0 1
3706 2.95808 0 1
3707 2.95808 0 1
3708 2.95808 0 1
3709 2.95808 0 1
3710 2.95808 0 1
3711 2.95808 0 1
3712 2.95808 0 1
3713 2.95808 0 1
3714 2.95808 0 1
3715 2.95808 0 1
3716 2.95808 0 1
3717 2.95808 0 1
3718 2.95808 0 1
3719 2.95808 0 1
3720 2.95808 0 1
3721 2.95808 0 1
3722 2.95808 0 1
3723 2.95808 0 1
3724 2.95808 0 1
3725 2.95808 0 1
3726 2.95808 0 1
3727 2.95808 0 1
3728 2.95808 0 1
3729 2.95808 0 1
3730 2.95808 0 1
3731 2.95808 0 1
3732 2.95808 0 1
3733 2.95808 0 1
3734 2.95808 0 1
3735 2.95808 0 1
3736 2.95808 0 1
3737 2.95808 0 1
3738 2.95808 0 1
3739 2.95808 0 1
3740 2.95808 0 1
3741 2.95808 0 1
3742 2.95808 0 1
3743 2.95808 0 1
3744 2.95808 0 1
3745 2.95808 0 1
3746 2.95808 0 1
3747 2.95808 0 1
3748 2.95808 0 1
3749 2.95808 0 1
3750 2.95808 0 1
3751 2.95808 0 1
3752 2.95808 0 1
3753 2.95808 0 1
3754 2.95808 0 1
3755 2.95808 0 1
3756 2.95808 0 1
3757 2.95808 0 1
3758 2.95808 0 1
3759 2.95808 0 1
3760 2.95808 0 1
3761 2.95808 0 1
3762 2.95808 0 1
3763 2.95808 0 1
3764 2.95808 0 1
3765 2.95808 0 1
3766 2.95808 0 1
3767 2.95808 0 1
3768 2.95808 0 1
3769 2.95808 0 1
3770 2.95808 0 1
3771 2.95808 0 1
3772 2.95808 0 1
3773 2.95808 0 1
3774 2.95808 0 1
3775 2.95808 0 1
3776 2.95808 0 1
3777 2.95808 0 1
3778 2.95808 0 1
3779 2.95808 0 1
3780 2.95808 0 1
3781 2.95808 0 1
3782 2.95808 0 1
3783 2.95808 0 1
3784 2.95808 0 1
3785 2.95808 0 1
3786 2.95808 0 1
3787 2.95808 0 1
3788 2.95808 0 1
3789 2.95808 0 1
3790 2.95808 0 1
3791 2.95808 0 1
3792 2.95808 0 1
3793 2.95808 0 1
3794 2.95808 0 1
3795 2.95808 0 1
3796 2.95808 0 1
3797 2.95808 0 1
3798 2.95808 0 1
3799 2.95808 0 1
3800 2.95808 0 1
3801 2.95808 0 1
3802 2.95808 0 1
3803 2.95808 0 1
3804 2.95808 0 1
3805 2.95808 0 1
3806 2.95808 0 1
3807 2.95808 0 1
3808 2.95808 0 1
3809 2.95808 0 1
3810 2.95808 0 1
3811 2.95808 0 1
3812 2.95808 0 1
3813 2.95808 0 1
3814 2.95808 0 1
3815 2.95808 0 1
3816 2.95808 0 1
3817 2.95808 0 1
3818 2.95808 0 1
3819 2.95808 0 1
3820 2.95808 0 1
3821 2.95808 0 1
3822 2.95808 0 1
3823 2.95808 0 1
3824 2.95808 0 1
3825 2.95808 0 1
3826 2.95808 0 1
3827 2.95808 0 1
3828 2.95808 0 1
3829 2.95808 0 1
3830 2.95808 0 1
3831 2.95808 0 1
3832 2.95808 0 1
3833 2.95808 0 1
3834 2.95808 0 1
3835 2.95808 0 1
3836 2.95808 0 1
3837 2.95808 0 1
3838 2.95808 0 1
3839 2.95808 0 1
3840 2.95808 0 1
3841 2.95808 0 1
3842 2.95808 0 1
3843 2.95808 0 1
3844 2.95808 0 1
3845 2.95808 0 1
3846 2.95808 0 1
3847 2.95808 0 1
3848 2.95808 0 1
3849 2.95808 0 1
3850 2.95808 0 1
3851 2.95808 0 1
3852 2.95808 0 1
3853 2.95808 0 1
3854 2.95808 0 1
3855 2.95808 0 1
3856 2.95808 0 1
3857 2.95808 0 1
3858 2.95808 0 1
3859 2.95808 0 1
3860 2.95808 0 1
3861 2.95808 0 1
3862 2.95808 0 1
3863 2.95808 0 1
3864 2.95808 0 1
3865 2.95808 0 1
3866 2.95808 0 1
3867 2.95808 0 1
3868 2.95808 0 1
3869 2.95808 0 1
3870 2.95808 0 1
3871 2.95808 0 1
3872 2.95808 0 1
3873 2.95808 0 1
3874 2.95808 0 1
3875 2.95808 0 1
3876 2.95808 0 1
3877 2.95808 0 1
3878 2.95808 0 1
3879 2.95808 0 1
3880 2.95808 0 1
3881 2.95808 0 1
3882 2.95808 0 1
3883 2.95808 0 1
3884 2.95808 0 1
3885 2.95808 0 1
3886 2.95808 0 1
3887 2.95808 0 1
3888 2.95808 0 1
3889 2.95808 0 1
3890 2.95808 0 1
3891 2.95808 0 1
3892 2.95808 0 1
3893 2.95808 0 1
3894 2.95808 0 1
3895 2.95808 0 1
3896 2.95808 0 1
3897 2.95808 0 1
3898 2.95808 0 1
3899 2.95808 0 1
3900 2.95808 0 1
3901 2.95808 0 1
3902 2.95808 0 1
3903 2.95808 0 1
3904 2.95808 0 1
3905 2.95808 0 1
3906 2.95808 0 1
3907 2.95808 0 1
3908 2.95808 0 1
3909 2.95808 0 1
3910 2.95808 0 1
3911 2.95808 0 1
3912 2.95808 0 1
3913 2.95808 0 1
3914 2.95808 0 1
3915 2.95808 0 1
3916 2.95808 0 1
3917 2.95808 0 1
3918 2.95808 0 1
3919 2.95808 0 1
3920 2.95808 0 1
3921 2.95808 0 1
3922 2.95808 0 1
3923 2.95808 0 1
3924 2.95808 0 1
3925 2.95808 0 1
3926 2.95808 0 1
3927 2.95808 0 1
3928 2.95808 0 1
3929 2.95808 0 1
3930 2.95808 0 1
3931 2.95808 0 1
3932 2.95808 0 1
3933 2.95808 0 1
3934 2.95808 0 1
3935 2.95808 0 1
3936 2.95808 0 1
3937 2.95808 0 1
3938 2.95808 0 1
3939 2.95808 0 1
3940 2.95808 0 1
3941 2.95808 0 1
3942 2.95808 0 1
3943 2.95808 0 1
3944 2.95808 0 1
3945 2.95808 0 1
3946 2.95808 0 1
3947 2.95808 0 1
3948 2.95808 0 1
3949 2.95808 0 1
3950 2.95808 0 1
3951 2.95808 0 1
3952 2.95808 0 1
3953 2.95808 0 1
3954 2.95808 0 1
3955 2.95808 0 1
3956 2.95808 0 1
3957 2.95808 0 1
3958 2.95808 0 1
3959 2.95808 0 1
3960 2.95808 0 1
3961 2.95808 0 1
3962 2.95808 0 1
3963 2.95808 0 1
3964 2.95808 0 1
3965 2.95808 0 1
3966 2.95808 0 1
3967 2.95808 0 1
3968 2.95808 0 1
3969 2.95808 0 1
3970 2.95808 0 1
3971 2.95808 0 1
3972 2.95808 0 1
3973 2.95808 0 1
3974 2.95808 0 1
3975 2.95808 0 1
3976 2.95808 0 1
3977 2.95808 0 1
3978 2.95808 0 1
3979 2.95808 0 1
3980 2.95808 0 1
3981 2.95808 0 1
3982 2.95808 0 1
3983 2.95808 0 1
3984 2.95808 0 1
3985 2.95808 0 1
3986 2.95808 0 1
3987 2.95808 0 1
3988 2.95808 0 1
3989 2.95808 0 1
3990 2.95808 0 1
3991 2.95808 0 1
3992 2.95808 0 1
3993 2.95808 0 1
3994 2.95808 0 1
3995 2.95808 0 1
3996 2.95808 0 1
3997 2.95808 0 1
3998 2.95808 0 1
3999 2.95808 0 1
4000 2.95808 0 1
4001 2.95808 0 1
4002 2.95808 0 1
4003 2.95808 0 1
4004 2.95808 0 1
4005 2.95808 0 1
4006 2.95808 0 1
4007 2.95808 0 1
4008 2.95808 0 1
4009 2.95808 0 1
4010 2.95808 0 1
4011 2.95808 0 1
4012 2.95808 0 1
4013 2.95808 0 1
4014 2.95808 0 1
4015 2.95808 0 1
4016 2.95808 0 1
4017 2.95808 0 1
4018 2.95808 0 1
4019 2.95808 0 1
4020 2.95808 0 1
4021 2.95808 0 1
4022 2.95808 0 1
4023 2.95808 0 1
4024 2.95808 0 1
4025 2.95808 0 1
4026 2.95808 0 1
4027 2.95808 0 1
4028 2.95808 0 1
4029 2.95808 0 1
4030 2.95808 0 1
4031 2.95808 0 1
4032 2.95808 0 1
4033 2.95808 0 1
4034 2.95808 0 1
4035 2.95808 0 1
4036 2.95808 0 1
4037 2.95808 0 1
4038 2.95808 0 1
4039 2.95808 0 1
4040 2.95808 0 1
4041 2.95808 0 1
4042 2.95808 0 1
4043 2.95808 0 1
4044 2.95808 0 1
4045 2.95808 0 1
4046 2.95808 0 1
4047 2.95808 0 1
4048 2.95808 0 1
4049 2.95808 0 1
4050 2.95808 0 1
4051 2.95808 0 1
4052 2.95808 0 1
4053 2.95808 0 1
4054 2.95808 0 1
4055 2.95808 0 1
4056 2.95808 0 1
4057 2.95808 0 1
4058 2.95808 0 1
4059 2.95808 0 1
4060 2.95808 0 1
4061 2.95808 0 1
4062 2.95808 0 1
4063 2.95808 0 1
4064 2.95808 0 1
4065 2.95808 0 1
4066 2.95808 0 1
4067 2.95808 0 1
4068 2.95808 0 1
4069 2.95808 0 1
4070 2.95808 0 1
4071 2.95808 0 1
4072 2.95808 0 1
4073 2.95808 0 1
4074 2.95808 0 1
4075 2.95808 0 1
4076 2.95808 0 1
4077 2.95808 0 1
4078 2.95808 0 1
4079 2.95808 0 1
4080 2.95808 0 1
4081 2.95808 0 1
4082 2.95808 0 1
4083 2.95808 0 1
4084 2.95808 0 1
4085 2.95808 0 1
4086 2.95808 0 1
4087 2.95808 0 1
4088 2.95808 0 1
4089 2.95808 0 1
4090 2.95808 0 1
4091 2.95808 0 1
4092 2.95808 0 1
4093 2.95808 0 1
4094 2.95808 0 1
4095 2.95808 0 1
4096 2.95808 0 1
4097 2.95808 0 1
4098 2.95808 0 1
4099 2.95808 0 1
4100 2.95808 0 1
4101 2.95808 0 1
4102 2.95808 0 1
4103 2.95808 0 1
4104 2.95808 0 1
4105 2.95808 0 1
4106 2.95808 0 1
4107 2.95808 0 1
4108 2.95808 0 1
4109 2.95808 0 1
4110 2.95808 0 1
4111 2.95808 0 1
4112 2.95808 0 1
4113 2.95808 0 1
4114 2.95808 0 1
4115 2.95808 0 1
4116 2.95808 0 1
4117 2.95808 0 1
4118 2.95808 0 1
4119 2.95808 0 1
4120 2.95808 0 1
4121 2.95808 0 1
4122 2.95808 0 1
4123 2.95808 0 1
4124 2.95808 0 1
4125 2.95808 0 1
4126 2.95808 0 1
4127 2.95808 0 1
4128 2.95808 0 1
4129 2.95808 0 1
4130 2.95808 0 1
4131 2.95808 0 1
4132 2.95808 0 1
4133 2.95808 0 1
4134 2.95808 0 1
4135 2.95808 0 1
4136 2.95808 0 1
4137 2.95808 0 1
4138 2.95808 0 1
4139 2.95808 0 1
4140 2.95808 0 1
4141 2.95808 0 1
4142 2.95808 0 1
4143 2.95808 0 1
4144 2.95808 0 1
4145 2.95808 0 1
4146 2.95808 0 1
4147 2.95808 0 1
4148 2.95808 0 1
4149 2.95808 0 1
4150 2.95808 0 1
4151 2.95808 0 1
4152 2.95808 0 1
4153 2.95808 0 1
4154 2.95808 0 1
4155 2.95808 0 1
4156 2.95808 0 1
4157 2.95808 0 1
4158 2.95808 0 1
4159 2.95808 0 1
4160 2.95808 0 1
4161 2.95808 0 1
4162 2.95808 0 1
4163 2.95808 0 1
4164 2.95808 0 1
4165 2.95808 0 1
4166 2.95808 0 1
4167 2.95808 0 1
4168 2.95808 0 1
4169 2.95808 0 1
4170 2.95808 0 1
4171 2.95808 0 1
4172 2.95808 0 1
4173 2.95808 0 1
4174 2.95808 0 1
4175 2.95808 0 1
4176 2.95808 0 1
4177 2.95808 0 1
4178 2.95808 0 1
4179 2.95808 0 1
4180 2.95808 0 1
4181 2.95808 0 1
4182 2.95808 0 1
4183 2.95808 0 1
4184 2.95808 0 1
4185 2.95808 0 1
4186 2.95808 0 1
4187 2.95808 0 1
4188 2.95808 0 1
4189 2.95808 0 1
4190 2.95808 0 1
4191 2.95808 0 1
4192 2.95808 0 1
4193 2.95808 0 1
4194 2.95808 0 1
4195 2.95808 0 1
4196 2.95808 0 1
4197 2.95808 0 1
4198 2.95808 0 1
4199 2.95808 0 1
4200 2.95808 0 1
4201 2.95808 0 1
4202 2.95808 0 1
4203 2.95808 0 1
4204 2.95808 0 1
4205 2.95808 0 1
4206 2.95808 0 1
4207 2.95808 0 1
4208 2.95808 0 1
4209 2.95808 0 1
4210 2.95808 0 1
4211 2.95808 0 1
4212 2.95808 0 1
4213 2.95808 0 1
4214 2.95808 0 1
4215 2.95808 0 1
4216 2.95808 0 1
4217 2.95808 0 1
4218 2.95808 0 1
4219 2.95808 0 1
4220 2.95808 0 1
4221 2.95808 0 1
4222 2.95808 0 1
4223 2.95808 0 1
4224 2.95808 0 1
4225 2.95808 0 1
4226 2.95808 0 1
4227 2.95808 0 1
4228 2.95808 0 1
4229 2.95808 0 1
4230 2.95808 0 1
4231 2.95808 0 1
4232 2.95808 0 1
4233 2.95808 0 1
4234 2.95808 0 1
4235 2.95808 0 1
4236 2.95808 0 1
4237 2.95808 0 1
4238 2.95808 0 1
4239 2.95808 0 1
4240 2.95808 0 1
4241 2.95808 0 1
4242 2.95808 0 1
4243 2.95808 0 1
4244 2.95808 0 1
4245 2.95808 0 1
4246 2.95808 0 1
4247 2.95808 0 1
4248 2.95808 0 1
4249 2.95808 0 1
4250 2.95808 0 1
4251 2.95808 0 1
4252 2.95808 0 1
4253 2.95808 0 1
4254 2.95808 0 1
4255 2.95808 0 1
4256 2.95808 0 1
4257 2.95808 0 1
4258 2.95808 0 1
4259 2.95808 0 1
4260 2.95808 0 1
4261 2.95808 0 1
4262 2.95808 0 1
4263 2.95808 0 1
4264 2.95808 0 1
4265 2.95808 0 1
4266 2.95808 0 1
4267 2.95808 0 1
4268 2.95808 0 1
4269 2.95808 0 1
4270 2.95808 0 1
4271 2.95808 0 1
4272 2.95808 0 1
4273 2.95808 0 1
4274 2.95808 0 1
4275 2.95808 0 1
4276 2.95808 0 1
4277 2.95808 0 1
4278 2.95808 0 1
4279 2.95808 0 1
4280 2.95808 0 1
4281 2.95808 0 1
4282 2.95808 0 1
4283 2.95808 0 1
4284 2.95808 0 1
4285 2.95808 0 1
4286 2.95808 0 1
4287 2.95808 0 1
4288 2.95808 0 1
4289 2.95808 0 1
4290 2.95808 0 1
4291 2.95808 0 1
4292 2.95808 0 1
4293 2.95808 0 1
4294 2.95808 0 1
4295 2.95808 0 1
4296 2.95808 0 1
4297 2.95808 0 1
4298 2.95808 0 1
4299 2.95808 0 1
4300 2.95808 0 1
4301 2.95808 0 1
4302 2.95808 0 1
4303 2.95808 0 1
4304 2.95808 0 1
4305 2.95808 0 1
4306 2.95808 0 1
4307 2.95808 0 1
4308 2.95808 0 1
4309 2.95808 0 1
4310 2.95808 0 1
4311 2.95808 0 1
4312 2.95808 0 1
4313 2.95808 0 1
4314 2.95808 0 1
4315 2.95808 0 1
4316 2.95808 0 1
4317 2.95808 0 1
4318 2.95808 0 1
4319 2.95808 0 1
4320 2.95808 0 1
4321 2.95808 0 1
4322 2.95808 0 1
4323 2.95808 0 1
4324 2.95808 0 1
4325 2.95808 0 1
4326 2.95808 0 1
4327 2.95808 0 1
4328 2.95808 0 1
4329 2.95808 0 1
4330 2.95808 0 1
4331 2.95808 0 1
4332 2.95808 0 1
4333 2.95808 0 1
4334 2.95808 0 1
4335 2.95808 0 1
4336 2.95808 0 1
4337 2.95808 0 1
4338 2.95808 0 1
4339 2.95808 0 1
4340 2.95808 0 1
4341 2.95808 0 1
4342 2.95808 0 1
4343 2.95808 0 1
4344 2.95808 0 1
4345 2.95808 0 1
4346 2.95808 0 1
4347 2.95808 0 1
4348 2.95808 0 1
4349 2.95808 0 1
4350 2.95808 0 1
4351 2.95808 0 1
4352 2.95808 0 1
4353 2.95808 0 1
4354 2.95808 0 1
4355 2.95808 0 1
4356 2.95808 0 1
4357 2.95808 0 1
4358 2.95808 0 1
4359 2.95808 0 1
4360 2.95808 0 1
4361 2.95808 0 1
4362 2.95808 0 1
4363 2.95808 0 1
4364 2.95808 0 1
4365 2.95808 0 1
4366 2.95808 0 1
4367 2.95808 0 1
4368 2.95808 0 1
4369 2.95808 0 1
4370 2.95808 0 1
4371 2.95808 0 1
4372 2.95808 0 1
4373 2.95808 0 1
4374 2.95808 0 1
4375 2.95808 0 1
4376 2.95808 0 1
4377 2.95808 0 1
4378 2.95808 0 1
4379 2.95808 0 1
4380 2.95808 0 1
4381 2.95808 0 1
4382 2.95808 0 1
4383 2.95808 0 1
4384 2.95808 0 1
4385 2.95808 0 1
4386 2.95808 0 1
4387 2.95808 0 1
4388 2.95808 0 1
4389 2.95808 0 1
4390 2.95808 0 1
4391 2.95808 0 1
4392 2.95808 0 1
4393 2.95808 0 1
4394 2.95808 0 1
4395 2.95808 0 1
4396 2.95808 0 1
4397 2.95808 0 1
4398 2.95808 0 1
4399 2.95808 0 1
4400 2.95808 0 1
4401 2.95808 0 1
4402 2.95808 0 1
4403 2.95808 0 1
4404 2.95808 0 1
4405 2.95808 0 1
4406 2.95808 0 1
4407 2.95808 0 1
4408 2.95808 0 1
4409 2.95808 0 1
4410 2.95808 0 1
4411 2.95808 0 1
4412 2.95808 0 1
4413 2.95808 0 1
4414 2.95808 0 1
4415 2.95808 0 1
4416 2.95808 0 1
4417 2.95808 0 1
4418 2.95808 0 1
4419 2.95808 0 1
4420 2.95808 0 1
4421 2.95808 0 1
4422 2.95808 0 1
4423 2.95808 0 1
4424 2.95808 0 1
4425 2.95808 0 1
4426 2.95808 0 1
4427 2.95808 0 1
4428 2.95808 0 1
4429 2.95808 0 1
4430 2.95808 0 1
4431 2.95808 0 1
4432 2.95808 0 1
4433 2.95808 0 1
4434 2.95808 0 1
4435 2.95808 0 1
4436 2.95808 0 1
4437 2.95808 0 1
4438 2.95808 0 1
4439 2.95808 0 1
4440 2.95808 0 1
4441 2.95808 0 1
4442 2.95808 0 1
4443 2.95808 0 1
4444 2.95808 0 1
4445 2.95808 0 1
4446 2.95808 0 1
4447 2.95808 0 1
4448 2.95808 0 1
4449 2.95808 0 1
4450 2.95808 0 1
4451 2.95808 0 1
4452 2.95808 0 1
4453 2.95808 0 1
4454 2.95808 0 1
4455 2.95808 0 1
4456 2.95808 0 1
4457 2.95808 0 1
4458 2.95808 0 1
4459 2.95808 0 1
4460 2.95808 0 1
4461 2.95808 0 1
4462 2.95808 0 1
4463 2.95808 0 1
4464 2.95808 0 1
4465 2.95808 0 1
4466 2.95808 0 1
4467 2.95808 0 1
4468 2.95808 0 1
4469 2.95808 0 1
4470 2.95808 0 1
4471 2.95808 0 1
4472 2.95808 0 1
4473 2.95808 0 1
4474 2.95808 0 1
4475 2.95808 0 1
4476 2.95808 0 1
4477 2.95808 0 1
4478 2.95808 0 1
4479 2.95808 0 1
4480 2.95808 0 1
4481 2.95808 0 1
4482 2.95808 0 1
4483 2.95808 0 1
4484 2.95808 0 1
4485 2.95808 0 1
4486 2.95808 0 1
4487 2.95808 0 1
4488 2.95808 0 1
4489 2.95808 0 1
4490 2.95808 0 1
4491 2.95808 0 1
4492 2.95808 0 1
4493 2.95808 0 1
4494 2.95808 0 1
4495 2.95808 0 1
4496 2.95808 0 1
4497 2.95808 0 1
4498 2.95808 0 1
4499 2.95808 0 1
4500 2.95808 0 1
4501 2.95808 0 1
4502 2.95808 0 1
4503 2.95808 0 1
4504 2.95808 0 1
4505 2.95808 0 1
4506 2.95808 0 1
4507 2.95808 0 1
4508 2.95808 0 1
4509 2.95808 0 1
4510 2.95808 0 1
4511 2.95808 0 1
4512 2.95808 0 1
4513 2.95808 0 1
4514 2.95808 0 1
4515 2.95808 0 1
4516 2.95808 0 1
4517 2.95808 0 1
4518 2.95808 0 1
4519 2.95808 0 1
4520 2.95808 0 1
4521 2.95808 0 1
4522 2.95808 0 1
4523 2.95808 0 1
4524 2.95808 0 1
4525 2.95808 0 1
4526 2.95808 0 1
4527 2.95808 0 1
4528 2.95808 0 1
4529 2.95808 0 1
4530 2.95808 0 1
4531 2.95808 0 1
4532 2.95808 0 1
4533 2.95808 0 1
4534 2.95808 0 1
4535 2.95808 0 1
4536 2.95808 0 1
4537 2.95808 0 1
4538 2.95808 0 1
4539 2.95808 0 1
4540 2.95808 0 1
4541 2.95808 0 1
4542 2.95808 0 1
4543 2.95808 0 1
4544 2.95808 0 1
4545 2.95808 0 1
4546 2.95808 0 1
4547 2.95808 0 1
4548 2.95808 0 1
4549 2.95808 0 1
4550 2.95808 0 1
4551 2.95808 0 1
4552 2.95808 0 1
4553 2.95808 0 1
4554 2.95808 0 1
4555 2.95808 0 1
4556 2.95808 0 1
4557 2.95808 0 1
4558 2.95808 0 1
4559 2.95808 0 1
4560 2.95808 0 1
4561 2.95808 0 1
4562 2.95808 0 1
4563 2.95808 0 1
4564 2.95808 0 1
4565 2.95808 0 1
4566 2.95808 0 1
4567 2.95808 0 1
4568 2.95808 0 1
4569 2.95808 0 1
4570 2.95808 0 1
4571 2.95808 0 1
4572 2.95808 0 1
4573 2.95808 0 1
4574 2.95808 0 1
4575 2.95808 0 1
4576 2.95808 0 1
4577 2.95808 0 1
4578 2.95808 0 1
4579 2.95808 0 1
4580 2.95808 0 1
4581 2.95808 0 1
4582 2.95808 0 1
4583 2.95808 0 1
4584 2.95808 0 1
4585 2.95808 0 1
4586 2.95808 0 1
4587 2.95808 0 1
4588 2.95808 0 1
4589 2.95808 0 1
4590 2.95808 0 1
4591 2.95808 0 1
4592 2.95808 0 1
4593 2.95808 0 1
4594 2.95808 0 1
4595 2.95808 0 1
4596 2.95808 0 1
4597 2.95808 0 1
4598 2.95808 0 1
4599 2.95808 0 1
4600 2.95808 0 1
4601 2.95808 0 1
4602 2.95808 0 1
4603 2.95808 0 1
4604 2.95808 0 1
4605 2.95808 0 1
4606 2.95808 0 1
4607 2.95808 0 1
4608 2.95808 0 1
4609 2.95808 0 1
4610 2.95808 0 1
4611 2.95808 0 1
4612 2.95808 0 1
4613 2.95808 0 1
4614 2.95808 0 1
4615 2.95808 0 1
4616 2.95808 0 1
4617 2.95808 0 1
4618 2.95808 0 1
4619 2.95808 0 1
4620 2.95808 0 1
4621 2.95808 0 1
4622 2.95808 0 1
4623 2.95808 0 1
4624 2.95808 0 1
4625 2.95808 0 1
4626 2.95808 0 1
4627 2.95808 0 1
4628 2.95808 0 1
4629 2.95808 0 1
4630 2.95808 0 1
4631 2.95808 0 1
4632 2.95808 0 1
4633 2.95808 0 1
4634 2.95808 0 1
4635 2.95808 0 1
4636 2.95808 0 1
4637 2.95808 0 1
4638 2.95808 0 1
4639 2.95808 0 1
4640 2.95808 0 1
4641 2.95808 0 1
4642 2.95808 0 1
4643 2.95808 0 1
4644 2.95808 0 1
4645 2.95808 0 1
4646 2.95808 0 1
4647 2.95808 0 1
4648 2.95808 0 1
4649 2.95808 0 1
4650 2.95808 0 1
4651 2.95808 0 1
4652 2.95808 0 1
4653 2.95808 0 1
4654 2.95808 0 1
4655 2.95808 0 1
4656 2.95808 0 1
4657 2.95808 0 1
4658 2.95808 0 1
4659 2.95808 0 1
4660 2.95808 0 1
4661 2.95808 0 1
4662 2.95808 0 1
4663 2.95808 0 1
4664 2.95808 0 1
4665 2.95808 0 1
4666 2.95808 0 1
4667 2.95808 0 1
4668 2.95808 0 1
4669 2.95808 0 1
4670 2.95808 0 1
4671 2.95808 0 1
4672 2.95808 0 1
4673 2.95808 0 1
4674 2.95808 0 1
4675 2.95808 0 1
4676 2.95808 0 1
4677 2.95808 0 1
4678 2.95808 0 1
4679 2.95808 0 1
4680 2.95808 0 1
4681 2.95808 0 1
4682 2.95808 0 1
4683 2.95808 0 1
4684 2.95808 0 1
4685 2.95808 0 1
4686 2.95808 0 1
4687 2.95808 0 1
4688 2.95808 0 1
4689 2.95808 0 1
4690 2.95808 0 1
4691 2.95808 0 1
4692 2.95808 0 1
4693 2.95808 0 1
4694 2.95808 0 1
4695 2.95808 0 1
4696 2.95808 0 1
4697 2.95808 0 1
4698 2.95808 0 1
4699 2.95808 0 1
4700 2.95808 0 1
4701 2.95808 0 1
4702 2.95808 0 1
4703 2.95808 0 1
4704 2.95808 0 1
4705 2.95808 0 1
4706 2.95808 0 1
4707 2.95808 0 1
4708 2.95808 0 1
4709 2.95808 0 1
4710 2.95808 0 1
4711 2.95808 0 1
4712 2.95808 0 1
4713 2.95808 0 1
4714 2.95808 0 1
4715 2.95808 0 1
4716 2.95808 0 1
4717 2.95808 0 1
4718 2.95808 0 1
4719 2.95808 0 1
4720 2.95808 0 1
4721 2.95808 0 1
4722 2.95808 0 1
4723 2.95808 0 1
4724 2.95808 0 1
4725 2.95808 0 1
4726 2.95808 0 1
4727 2.95808 0 1
4728 2.95808 0 1
4729 2.95808 0 1
4730 2.95808 0 1
4731 2.95808 0 1
4732 2.95808 0 1
4733 2.95808 0 1
4734 2.95808 0 1
4735 2.95808 0 1
4736 2.95808 0 1
4737 2.95808 0 1
4738 2.95808 0 1
4739 2.95808 0 1
4740 2.95808 0 1
4741 2.95808 0 1
4742 2.95808 0 1
4743 2.95808 0 1
4744 2.95808 0 1
4745 2.95808 0 1
4746 2.95808 0 1
4747 2.95808 0 1
4748 2.95808 0 1
4749 2.95808 0 1
4750 2.95808 0 1
4751 2.95808 0 1
4752 2.95808 0 1
4753 2.95808 0 1
4754 2.95808 0 1
4755 2.95808 0 1
4756 2.95808 0 1
4757 2.95808 0 1
4758 2.95808 0 1
4759 2.95808 0 1
4760 2.95808 0 1
4761 2.95808 0 1
4762 2.95808 0 1
4763 2.95808 0 1
4764 2.95808 0 1
4765 2.95808 0 1
4766 2.95808 0 1
4767 2.95808 0 1
4768 2.95808 0 1
4769 2.95808 0 1
4770 2.95808 0 1
4771 2.95808 0 1
4772 2.95808 0 1
4773 2.95808 0 1
4774 2.95808 0 1
4775 2.95808 0 1
4776 2.95808 0 1
4777 2.95808 0 1
4778 2.95808 0 1
4779 2.95808 0 1
4780 2.95808 0 1
4781 2.95808 0 1
4782 2.95808 0 1
4783 2.95808 0 1
4784 2.95808 0 1
4785 2.95808 0 1
4786 2.95808 0 1
4787 2.95808 0 1
4788 2.95808 0 1
4789 2.95808 0 1
4790 2.95808 0 1
4791 2.95808 0 1
4792 2.95808 0 1
4793 2.95808 0 1
4794 2.95808 0 1
4795 2.95808 0 1
4796 2.95808 0 1
4797 2.95808 0 1
4798 2.95808 0 1
4799 2.95808 0 1
4800 2.95808 0 1
4801 2.95808 0 1
4802 2.95808 0 1
4803 2.95808 0 1
4804 2.95808 0 1
4805 2.95808 0 1
4806 2.95808 0 1
4807 2.95808 0 1
4808 2.95808 0 1
4809 2.95808 0 1
4810 2.95808 0 1
4811 2.95808 0 1
4812 2.95808 0 1
4813 2.95808 0 1
4814 2.95808 0 1
4815 2.95808 0 1
4816 2.95808 0 1
4817 2.95808 0 1
4818 2.95808 0 1
4819 2.95808 0 1
4820 2.95808 0 1
4821 2.95808 0 1
4822 2.95808 0 1
4823 2.95808 0 1
4824 2.95808 0 1
4825 2.95808 0 1
4826 2.95808 0 1
4827 2.95808 0 1
4828 2.95808 0 1
4829 2.95808 0 1
4830 2.95808 0 1
4831 2.95808 0 1
4832 2.95808 0 1
4833 2.95808 0 1
4834 2.95808 0 1
4835 2.95808 0 1
4836 2.95808 0 1
4837 2.95808 0 1
